/*--------------------------------*- C++ -*----------------------------------*\
| =========                 |                                                 |
| \\      /  F ield         | OpenFOAM: The Open Source CFD Toolbox           |
|  \\    /   O peration     | Version:  2212                                  |
|   \\  /    A nd           | Website:  www.openfoam.com                      |
|    \\/     M anipulation  |                                                 |
\*---------------------------------------------------------------------------*/
FoamFile
{
    version     2.0;
    format      ascii;
    arch        "LSB;label=32;scalar=64";
    class       vectorField;
    location    "constant/polyMesh";
    object      points;
}
// * * * * * * * * * * * * * * * * * * * * * * * * * * * * * * * * * * * * * //


3444
(
(-1 -1 -0.05)
(-0.9 -1 -0.05)
(-0.8 -1 -0.05)
(-0.7 -1 -0.05)
(-0.6 -1 -0.05)
(-0.5 -1 -0.05)
(-0.4 -1 -0.05)
(-0.3 -1 -0.05)
(-0.2 -1 -0.05)
(-0.1 -1 -0.05)
(0 -1 -0.05)
(0.1 -1 -0.05)
(0.2 -1 -0.05)
(0.3 -1 -0.05)
(0.4 -1 -0.05)
(0.5 -1 -0.05)
(0.6 -1 -0.05)
(0.7 -1 -0.05)
(0.8 -1 -0.05)
(0.9 -1 -0.05)
(1 -1 -0.05)
(-1 -0.95 -0.05)
(-0.9 -0.95 -0.05)
(-0.8 -0.95 -0.05)
(-0.7 -0.95 -0.05)
(-0.6 -0.95 -0.05)
(-0.5 -0.95 -0.05)
(-0.4 -0.95 -0.05)
(-0.3 -0.95 -0.05)
(-0.2 -0.95 -0.05)
(-0.1 -0.95 -0.05)
(0 -0.95 -0.05)
(0.1 -0.95 -0.05)
(0.2 -0.95 -0.05)
(0.3 -0.95 -0.05)
(0.4 -0.95 -0.05)
(0.5 -0.95 -0.05)
(0.6 -0.95 -0.05)
(0.7 -0.95 -0.05)
(0.8 -0.95 -0.05)
(0.9 -0.95 -0.05)
(1 -0.95 -0.05)
(-1 -0.9 -0.05)
(-0.9 -0.9 -0.05)
(-0.8 -0.9 -0.05)
(-0.7 -0.9 -0.05)
(-0.6 -0.9 -0.05)
(-0.5 -0.9 -0.05)
(-0.4 -0.9 -0.05)
(-0.3 -0.9 -0.05)
(-0.2 -0.9 -0.05)
(-0.1 -0.9 -0.05)
(0 -0.9 -0.05)
(0.1 -0.9 -0.05)
(0.2 -0.9 -0.05)
(0.3 -0.9 -0.05)
(0.4 -0.9 -0.05)
(0.5 -0.9 -0.05)
(0.6 -0.9 -0.05)
(0.7 -0.9 -0.05)
(0.8 -0.9 -0.05)
(0.9 -0.9 -0.05)
(1 -0.9 -0.05)
(-1 -0.85 -0.05)
(-0.9 -0.85 -0.05)
(-0.8 -0.85 -0.05)
(-0.7 -0.85 -0.05)
(-0.6 -0.85 -0.05)
(-0.5 -0.85 -0.05)
(-0.4 -0.85 -0.05)
(-0.3 -0.85 -0.05)
(-0.2 -0.85 -0.05)
(-0.1 -0.85 -0.05)
(0 -0.85 -0.05)
(0.1 -0.85 -0.05)
(0.2 -0.85 -0.05)
(0.3 -0.85 -0.05)
(0.4 -0.85 -0.05)
(0.5 -0.85 -0.05)
(0.6 -0.85 -0.05)
(0.7 -0.85 -0.05)
(0.8 -0.85 -0.05)
(0.9 -0.85 -0.05)
(1 -0.85 -0.05)
(-1 -0.8 -0.05)
(-0.9 -0.8 -0.05)
(-0.8 -0.8 -0.05)
(-0.7 -0.8 -0.05)
(-0.6 -0.8 -0.05)
(-0.5 -0.8 -0.05)
(-0.4 -0.8 -0.05)
(-0.3 -0.8 -0.05)
(-0.2 -0.8 -0.05)
(-0.1 -0.8 -0.05)
(0 -0.8 -0.05)
(0.1 -0.8 -0.05)
(0.2 -0.8 -0.05)
(0.3 -0.8 -0.05)
(0.4 -0.8 -0.05)
(0.5 -0.8 -0.05)
(0.6 -0.8 -0.05)
(0.7 -0.8 -0.05)
(0.8 -0.8 -0.05)
(0.9 -0.8 -0.05)
(1 -0.8 -0.05)
(-1 -0.75 -0.05)
(-0.9 -0.75 -0.05)
(-0.8 -0.75 -0.05)
(-0.7 -0.75 -0.05)
(-0.6 -0.75 -0.05)
(-0.5 -0.75 -0.05)
(-0.4 -0.75 -0.05)
(-0.3 -0.75 -0.05)
(-0.2 -0.75 -0.05)
(-0.1 -0.75 -0.05)
(0 -0.75 -0.05)
(0.1 -0.75 -0.05)
(0.2 -0.75 -0.05)
(0.3 -0.75 -0.05)
(0.4 -0.75 -0.05)
(0.5 -0.75 -0.05)
(0.6 -0.75 -0.05)
(0.7 -0.75 -0.05)
(0.8 -0.75 -0.05)
(0.9 -0.75 -0.05)
(1 -0.75 -0.05)
(-1 -0.7 -0.05)
(-0.9 -0.7 -0.05)
(-0.8 -0.7 -0.05)
(-0.7 -0.7 -0.05)
(-0.6 -0.7 -0.05)
(-0.5 -0.7 -0.05)
(-0.4 -0.7 -0.05)
(-0.3 -0.7 -0.05)
(-0.2 -0.7 -0.05)
(-0.1 -0.7 -0.05)
(0 -0.7 -0.05)
(0.1 -0.7 -0.05)
(0.2 -0.7 -0.05)
(0.3 -0.7 -0.05)
(0.4 -0.7 -0.05)
(0.5 -0.7 -0.05)
(0.6 -0.7 -0.05)
(0.7 -0.7 -0.05)
(0.8 -0.7 -0.05)
(0.9 -0.7 -0.05)
(1 -0.7 -0.05)
(-1 -0.65 -0.05)
(-0.9 -0.65 -0.05)
(-0.8 -0.65 -0.05)
(-0.7 -0.65 -0.05)
(-0.6 -0.65 -0.05)
(-0.5 -0.65 -0.05)
(-0.4 -0.65 -0.05)
(-0.3 -0.65 -0.05)
(-0.2 -0.65 -0.05)
(-0.1 -0.65 -0.05)
(0 -0.65 -0.05)
(0.1 -0.65 -0.05)
(0.2 -0.65 -0.05)
(0.3 -0.65 -0.05)
(0.4 -0.65 -0.05)
(0.5 -0.65 -0.05)
(0.6 -0.65 -0.05)
(0.7 -0.65 -0.05)
(0.8 -0.65 -0.05)
(0.9 -0.65 -0.05)
(1 -0.65 -0.05)
(-1 -0.6 -0.05)
(-0.9 -0.6 -0.05)
(-0.8 -0.6 -0.05)
(-0.7 -0.6 -0.05)
(-0.6 -0.6 -0.05)
(-0.5 -0.6 -0.05)
(-0.4 -0.6 -0.05)
(-0.3 -0.6 -0.05)
(-0.2 -0.6 -0.05)
(-0.1 -0.6 -0.05)
(0 -0.6 -0.05)
(0.1 -0.6 -0.05)
(0.2 -0.6 -0.05)
(0.3 -0.6 -0.05)
(0.4 -0.6 -0.05)
(0.5 -0.6 -0.05)
(0.6 -0.6 -0.05)
(0.7 -0.6 -0.05)
(0.8 -0.6 -0.05)
(0.9 -0.6 -0.05)
(1 -0.6 -0.05)
(-1 -0.55 -0.05)
(-0.9 -0.55 -0.05)
(-0.8 -0.55 -0.05)
(-0.7 -0.55 -0.05)
(-0.6 -0.55 -0.05)
(-0.5 -0.55 -0.05)
(-0.4 -0.55 -0.05)
(-0.3 -0.55 -0.05)
(-0.2 -0.55 -0.05)
(-0.1 -0.55 -0.05)
(0 -0.55 -0.05)
(0.1 -0.55 -0.05)
(0.2 -0.55 -0.05)
(0.3 -0.55 -0.05)
(0.4 -0.55 -0.05)
(0.5 -0.55 -0.05)
(0.6 -0.55 -0.05)
(0.7 -0.55 -0.05)
(0.8 -0.55 -0.05)
(0.9 -0.55 -0.05)
(1 -0.55 -0.05)
(-1 -0.5 -0.05)
(-0.9 -0.5 -0.05)
(-0.8 -0.5 -0.05)
(-0.7 -0.5 -0.05)
(-0.6 -0.5 -0.05)
(-0.5 -0.5 -0.05)
(-0.4 -0.5 -0.05)
(-0.3 -0.5 -0.05)
(-0.2 -0.5 -0.05)
(-0.1 -0.5 -0.05)
(0 -0.5 -0.05)
(0.1 -0.5 -0.05)
(0.2 -0.5 -0.05)
(0.3 -0.5 -0.05)
(0.4 -0.5 -0.05)
(0.5 -0.5 -0.05)
(0.6 -0.5 -0.05)
(0.7 -0.5 -0.05)
(0.8 -0.5 -0.05)
(0.9 -0.5 -0.05)
(1 -0.5 -0.05)
(-1 -0.45 -0.05)
(-0.9 -0.45 -0.05)
(-0.8 -0.45 -0.05)
(-0.7 -0.45 -0.05)
(-0.6 -0.45 -0.05)
(-0.5 -0.45 -0.05)
(-0.4 -0.45 -0.05)
(-0.3 -0.45 -0.05)
(-0.2 -0.45 -0.05)
(-0.1 -0.45 -0.05)
(0 -0.45 -0.05)
(0.1 -0.45 -0.05)
(0.2 -0.45 -0.05)
(0.3 -0.45 -0.05)
(0.4 -0.45 -0.05)
(0.5 -0.45 -0.05)
(0.6 -0.45 -0.05)
(0.7 -0.45 -0.05)
(0.8 -0.45 -0.05)
(0.9 -0.45 -0.05)
(1 -0.45 -0.05)
(-1 -0.4 -0.05)
(-0.9 -0.4 -0.05)
(-0.8 -0.4 -0.05)
(-0.7 -0.4 -0.05)
(-0.6 -0.4 -0.05)
(-0.5 -0.4 -0.05)
(-0.4 -0.4 -0.05)
(-0.3 -0.4 -0.05)
(-0.2 -0.4 -0.05)
(-0.1 -0.4 -0.05)
(0 -0.4 -0.05)
(0.1 -0.4 -0.05)
(0.2 -0.4 -0.05)
(0.3 -0.4 -0.05)
(0.4 -0.4 -0.05)
(0.5 -0.4 -0.05)
(0.6 -0.4 -0.05)
(0.7 -0.4 -0.05)
(0.8 -0.4 -0.05)
(0.9 -0.4 -0.05)
(1 -0.4 -0.05)
(-1 -0.35 -0.05)
(-0.9 -0.35 -0.05)
(-0.8 -0.35 -0.05)
(-0.7 -0.35 -0.05)
(-0.6 -0.35 -0.05)
(-0.5 -0.35 -0.05)
(-0.4 -0.35 -0.05)
(-0.3 -0.35 -0.05)
(-0.2 -0.35 -0.05)
(-0.1 -0.35 -0.05)
(0 -0.35 -0.05)
(0.1 -0.35 -0.05)
(0.2 -0.35 -0.05)
(0.3 -0.35 -0.05)
(0.4 -0.35 -0.05)
(0.5 -0.35 -0.05)
(0.6 -0.35 -0.05)
(0.7 -0.35 -0.05)
(0.8 -0.35 -0.05)
(0.9 -0.35 -0.05)
(1 -0.35 -0.05)
(-1 -0.3 -0.05)
(-0.9 -0.3 -0.05)
(-0.8 -0.3 -0.05)
(-0.7 -0.3 -0.05)
(-0.6 -0.3 -0.05)
(-0.5 -0.3 -0.05)
(-0.4 -0.3 -0.05)
(-0.3 -0.3 -0.05)
(-0.2 -0.3 -0.05)
(-0.1 -0.3 -0.05)
(0 -0.3 -0.05)
(0.1 -0.3 -0.05)
(0.2 -0.3 -0.05)
(0.3 -0.3 -0.05)
(0.4 -0.3 -0.05)
(0.5 -0.3 -0.05)
(0.6 -0.3 -0.05)
(0.7 -0.3 -0.05)
(0.8 -0.3 -0.05)
(0.9 -0.3 -0.05)
(1 -0.3 -0.05)
(-1 -0.25 -0.05)
(-0.9 -0.25 -0.05)
(-0.8 -0.25 -0.05)
(-0.7 -0.25 -0.05)
(-0.6 -0.25 -0.05)
(-0.5 -0.25 -0.05)
(-0.4 -0.25 -0.05)
(-0.3 -0.25 -0.05)
(-0.2 -0.25 -0.05)
(-0.1 -0.25 -0.05)
(0 -0.25 -0.05)
(0.1 -0.25 -0.05)
(0.2 -0.25 -0.05)
(0.3 -0.25 -0.05)
(0.4 -0.25 -0.05)
(0.5 -0.25 -0.05)
(0.6 -0.25 -0.05)
(0.7 -0.25 -0.05)
(0.8 -0.25 -0.05)
(0.9 -0.25 -0.05)
(1 -0.25 -0.05)
(-1 -0.2 -0.05)
(-0.9 -0.2 -0.05)
(-0.8 -0.2 -0.05)
(-0.7 -0.2 -0.05)
(-0.6 -0.2 -0.05)
(-0.5 -0.2 -0.05)
(-0.4 -0.2 -0.05)
(-0.3 -0.2 -0.05)
(-0.2 -0.2 -0.05)
(-0.1 -0.2 -0.05)
(0 -0.2 -0.05)
(0.1 -0.2 -0.05)
(0.2 -0.2 -0.05)
(0.3 -0.2 -0.05)
(0.4 -0.2 -0.05)
(0.5 -0.2 -0.05)
(0.6 -0.2 -0.05)
(0.7 -0.2 -0.05)
(0.8 -0.2 -0.05)
(0.9 -0.2 -0.05)
(1 -0.2 -0.05)
(-1 -0.15 -0.05)
(-0.9 -0.15 -0.05)
(-0.8 -0.15 -0.05)
(-0.7 -0.15 -0.05)
(-0.6 -0.15 -0.05)
(-0.5 -0.15 -0.05)
(-0.4 -0.15 -0.05)
(-0.3 -0.15 -0.05)
(-0.2 -0.15 -0.05)
(-0.1 -0.15 -0.05)
(0 -0.15 -0.05)
(0.1 -0.15 -0.05)
(0.2 -0.15 -0.05)
(0.3 -0.15 -0.05)
(0.4 -0.15 -0.05)
(0.5 -0.15 -0.05)
(0.6 -0.15 -0.05)
(0.7 -0.15 -0.05)
(0.8 -0.15 -0.05)
(0.9 -0.15 -0.05)
(1 -0.15 -0.05)
(-1 -0.1 -0.05)
(-0.9 -0.1 -0.05)
(-0.8 -0.1 -0.05)
(-0.7 -0.1 -0.05)
(-0.6 -0.1 -0.05)
(-0.5 -0.1 -0.05)
(-0.4 -0.1 -0.05)
(-0.3 -0.1 -0.05)
(-0.2 -0.1 -0.05)
(-0.1 -0.1 -0.05)
(0 -0.1 -0.05)
(0.1 -0.1 -0.05)
(0.2 -0.1 -0.05)
(0.3 -0.1 -0.05)
(0.4 -0.1 -0.05)
(0.5 -0.1 -0.05)
(0.6 -0.1 -0.05)
(0.7 -0.1 -0.05)
(0.8 -0.1 -0.05)
(0.9 -0.1 -0.05)
(1 -0.1 -0.05)
(-1 -0.05 -0.05)
(-0.9 -0.05 -0.05)
(-0.8 -0.05 -0.05)
(-0.7 -0.05 -0.05)
(-0.6 -0.05 -0.05)
(-0.5 -0.05 -0.05)
(-0.4 -0.05 -0.05)
(-0.3 -0.05 -0.05)
(-0.2 -0.05 -0.05)
(-0.1 -0.05 -0.05)
(0 -0.05 -0.05)
(0.1 -0.05 -0.05)
(0.2 -0.05 -0.05)
(0.3 -0.05 -0.05)
(0.4 -0.05 -0.05)
(0.5 -0.05 -0.05)
(0.6 -0.05 -0.05)
(0.7 -0.05 -0.05)
(0.8 -0.05 -0.05)
(0.9 -0.05 -0.05)
(1 -0.05 -0.05)
(-1 0 -0.05)
(-0.9 0 -0.05)
(-0.8 0 -0.05)
(-0.7 0 -0.05)
(-0.6 0 -0.05)
(-0.5 0 -0.05)
(-0.4 0 -0.05)
(-0.3 0 -0.05)
(-0.2 0 -0.05)
(-0.1 0 -0.05)
(0 0 -0.05)
(0.1 0 -0.05)
(0.2 0 -0.05)
(0.3 0 -0.05)
(0.4 0 -0.05)
(0.5 0 -0.05)
(0.6 0 -0.05)
(0.7 0 -0.05)
(0.8 0 -0.05)
(0.9 0 -0.05)
(1 0 -0.05)
(-1 0.05 -0.05)
(-0.9 0.05 -0.05)
(-0.8 0.05 -0.05)
(-0.7 0.05 -0.05)
(-0.6 0.05 -0.05)
(-0.5 0.05 -0.05)
(-0.4 0.05 -0.05)
(-0.3 0.05 -0.05)
(-0.2 0.05 -0.05)
(-0.1 0.05 -0.05)
(0 0.05 -0.05)
(0.1 0.05 -0.05)
(0.2 0.05 -0.05)
(0.3 0.05 -0.05)
(0.4 0.05 -0.05)
(0.5 0.05 -0.05)
(0.6 0.05 -0.05)
(0.7 0.05 -0.05)
(0.8 0.05 -0.05)
(0.9 0.05 -0.05)
(1 0.05 -0.05)
(-1 0.1 -0.05)
(-0.9 0.1 -0.05)
(-0.8 0.1 -0.05)
(-0.7 0.1 -0.05)
(-0.6 0.1 -0.05)
(-0.5 0.1 -0.05)
(-0.4 0.1 -0.05)
(-0.3 0.1 -0.05)
(-0.2 0.1 -0.05)
(-0.1 0.1 -0.05)
(0 0.1 -0.05)
(0.1 0.1 -0.05)
(0.2 0.1 -0.05)
(0.3 0.1 -0.05)
(0.4 0.1 -0.05)
(0.5 0.1 -0.05)
(0.6 0.1 -0.05)
(0.7 0.1 -0.05)
(0.8 0.1 -0.05)
(0.9 0.1 -0.05)
(1 0.1 -0.05)
(-1 0.15 -0.05)
(-0.9 0.15 -0.05)
(-0.8 0.15 -0.05)
(-0.7 0.15 -0.05)
(-0.6 0.15 -0.05)
(-0.5 0.15 -0.05)
(-0.4 0.15 -0.05)
(-0.3 0.15 -0.05)
(-0.2 0.15 -0.05)
(-0.1 0.15 -0.05)
(0 0.15 -0.05)
(0.1 0.15 -0.05)
(0.2 0.15 -0.05)
(0.3 0.15 -0.05)
(0.4 0.15 -0.05)
(0.5 0.15 -0.05)
(0.6 0.15 -0.05)
(0.7 0.15 -0.05)
(0.8 0.15 -0.05)
(0.9 0.15 -0.05)
(1 0.15 -0.05)
(-1 0.2 -0.05)
(-0.9 0.2 -0.05)
(-0.8 0.2 -0.05)
(-0.7 0.2 -0.05)
(-0.6 0.2 -0.05)
(-0.5 0.2 -0.05)
(-0.4 0.2 -0.05)
(-0.3 0.2 -0.05)
(-0.2 0.2 -0.05)
(-0.1 0.2 -0.05)
(0 0.2 -0.05)
(0.1 0.2 -0.05)
(0.2 0.2 -0.05)
(0.3 0.2 -0.05)
(0.4 0.2 -0.05)
(0.5 0.2 -0.05)
(0.6 0.2 -0.05)
(0.7 0.2 -0.05)
(0.8 0.2 -0.05)
(0.9 0.2 -0.05)
(1 0.2 -0.05)
(-1 0.25 -0.05)
(-0.9 0.25 -0.05)
(-0.8 0.25 -0.05)
(-0.7 0.25 -0.05)
(-0.6 0.25 -0.05)
(-0.5 0.25 -0.05)
(-0.4 0.25 -0.05)
(-0.3 0.25 -0.05)
(-0.2 0.25 -0.05)
(-0.1 0.25 -0.05)
(0 0.25 -0.05)
(0.1 0.25 -0.05)
(0.2 0.25 -0.05)
(0.3 0.25 -0.05)
(0.4 0.25 -0.05)
(0.5 0.25 -0.05)
(0.6 0.25 -0.05)
(0.7 0.25 -0.05)
(0.8 0.25 -0.05)
(0.9 0.25 -0.05)
(1 0.25 -0.05)
(-1 0.3 -0.05)
(-0.9 0.3 -0.05)
(-0.8 0.3 -0.05)
(-0.7 0.3 -0.05)
(-0.6 0.3 -0.05)
(-0.5 0.3 -0.05)
(-0.4 0.3 -0.05)
(-0.3 0.3 -0.05)
(-0.2 0.3 -0.05)
(-0.1 0.3 -0.05)
(0 0.3 -0.05)
(0.1 0.3 -0.05)
(0.2 0.3 -0.05)
(0.3 0.3 -0.05)
(0.4 0.3 -0.05)
(0.5 0.3 -0.05)
(0.6 0.3 -0.05)
(0.7 0.3 -0.05)
(0.8 0.3 -0.05)
(0.9 0.3 -0.05)
(1 0.3 -0.05)
(-1 0.35 -0.05)
(-0.9 0.35 -0.05)
(-0.8 0.35 -0.05)
(-0.7 0.35 -0.05)
(-0.6 0.35 -0.05)
(-0.5 0.35 -0.05)
(-0.4 0.35 -0.05)
(-0.3 0.35 -0.05)
(-0.2 0.35 -0.05)
(-0.1 0.35 -0.05)
(0 0.35 -0.05)
(0.1 0.35 -0.05)
(0.2 0.35 -0.05)
(0.3 0.35 -0.05)
(0.4 0.35 -0.05)
(0.5 0.35 -0.05)
(0.6 0.35 -0.05)
(0.7 0.35 -0.05)
(0.8 0.35 -0.05)
(0.9 0.35 -0.05)
(1 0.35 -0.05)
(-1 0.4 -0.05)
(-0.9 0.4 -0.05)
(-0.8 0.4 -0.05)
(-0.7 0.4 -0.05)
(-0.6 0.4 -0.05)
(-0.5 0.4 -0.05)
(-0.4 0.4 -0.05)
(-0.3 0.4 -0.05)
(-0.2 0.4 -0.05)
(-0.1 0.4 -0.05)
(0 0.4 -0.05)
(0.1 0.4 -0.05)
(0.2 0.4 -0.05)
(0.3 0.4 -0.05)
(0.4 0.4 -0.05)
(0.5 0.4 -0.05)
(0.6 0.4 -0.05)
(0.7 0.4 -0.05)
(0.8 0.4 -0.05)
(0.9 0.4 -0.05)
(1 0.4 -0.05)
(-1 0.45 -0.05)
(-0.9 0.45 -0.05)
(-0.8 0.45 -0.05)
(-0.7 0.45 -0.05)
(-0.6 0.45 -0.05)
(-0.5 0.45 -0.05)
(-0.4 0.45 -0.05)
(-0.3 0.45 -0.05)
(-0.2 0.45 -0.05)
(-0.1 0.45 -0.05)
(0 0.45 -0.05)
(0.1 0.45 -0.05)
(0.2 0.45 -0.05)
(0.3 0.45 -0.05)
(0.4 0.45 -0.05)
(0.5 0.45 -0.05)
(0.6 0.45 -0.05)
(0.7 0.45 -0.05)
(0.8 0.45 -0.05)
(0.9 0.45 -0.05)
(1 0.45 -0.05)
(-1 0.5 -0.05)
(-0.9 0.5 -0.05)
(-0.8 0.5 -0.05)
(-0.7 0.5 -0.05)
(-0.6 0.5 -0.05)
(-0.5 0.5 -0.05)
(-0.4 0.5 -0.05)
(-0.3 0.5 -0.05)
(-0.2 0.5 -0.05)
(-0.1 0.5 -0.05)
(0 0.5 -0.05)
(0.1 0.5 -0.05)
(0.2 0.5 -0.05)
(0.3 0.5 -0.05)
(0.4 0.5 -0.05)
(0.5 0.5 -0.05)
(0.6 0.5 -0.05)
(0.7 0.5 -0.05)
(0.8 0.5 -0.05)
(0.9 0.5 -0.05)
(1 0.5 -0.05)
(-1 0.55 -0.05)
(-0.9 0.55 -0.05)
(-0.8 0.55 -0.05)
(-0.7 0.55 -0.05)
(-0.6 0.55 -0.05)
(-0.5 0.55 -0.05)
(-0.4 0.55 -0.05)
(-0.3 0.55 -0.05)
(-0.2 0.55 -0.05)
(-0.1 0.55 -0.05)
(0 0.55 -0.05)
(0.1 0.55 -0.05)
(0.2 0.55 -0.05)
(0.3 0.55 -0.05)
(0.4 0.55 -0.05)
(0.5 0.55 -0.05)
(0.6 0.55 -0.05)
(0.7 0.55 -0.05)
(0.8 0.55 -0.05)
(0.9 0.55 -0.05)
(1 0.55 -0.05)
(-1 0.6 -0.05)
(-0.9 0.6 -0.05)
(-0.8 0.6 -0.05)
(-0.7 0.6 -0.05)
(-0.6 0.6 -0.05)
(-0.5 0.6 -0.05)
(-0.4 0.6 -0.05)
(-0.3 0.6 -0.05)
(-0.2 0.6 -0.05)
(-0.1 0.6 -0.05)
(0 0.6 -0.05)
(0.1 0.6 -0.05)
(0.2 0.6 -0.05)
(0.3 0.6 -0.05)
(0.4 0.6 -0.05)
(0.5 0.6 -0.05)
(0.6 0.6 -0.05)
(0.7 0.6 -0.05)
(0.8 0.6 -0.05)
(0.9 0.6 -0.05)
(1 0.6 -0.05)
(-1 0.65 -0.05)
(-0.9 0.65 -0.05)
(-0.8 0.65 -0.05)
(-0.7 0.65 -0.05)
(-0.6 0.65 -0.05)
(-0.5 0.65 -0.05)
(-0.4 0.65 -0.05)
(-0.3 0.65 -0.05)
(-0.2 0.65 -0.05)
(-0.1 0.65 -0.05)
(0 0.65 -0.05)
(0.1 0.65 -0.05)
(0.2 0.65 -0.05)
(0.3 0.65 -0.05)
(0.4 0.65 -0.05)
(0.5 0.65 -0.05)
(0.6 0.65 -0.05)
(0.7 0.65 -0.05)
(0.8 0.65 -0.05)
(0.9 0.65 -0.05)
(1 0.65 -0.05)
(-1 0.7 -0.05)
(-0.9 0.7 -0.05)
(-0.8 0.7 -0.05)
(-0.7 0.7 -0.05)
(-0.6 0.7 -0.05)
(-0.5 0.7 -0.05)
(-0.4 0.7 -0.05)
(-0.3 0.7 -0.05)
(-0.2 0.7 -0.05)
(-0.1 0.7 -0.05)
(0 0.7 -0.05)
(0.1 0.7 -0.05)
(0.2 0.7 -0.05)
(0.3 0.7 -0.05)
(0.4 0.7 -0.05)
(0.5 0.7 -0.05)
(0.6 0.7 -0.05)
(0.7 0.7 -0.05)
(0.8 0.7 -0.05)
(0.9 0.7 -0.05)
(1 0.7 -0.05)
(-1 0.75 -0.05)
(-0.9 0.75 -0.05)
(-0.8 0.75 -0.05)
(-0.7 0.75 -0.05)
(-0.6 0.75 -0.05)
(-0.5 0.75 -0.05)
(-0.4 0.75 -0.05)
(-0.3 0.75 -0.05)
(-0.2 0.75 -0.05)
(-0.1 0.75 -0.05)
(0 0.75 -0.05)
(0.1 0.75 -0.05)
(0.2 0.75 -0.05)
(0.3 0.75 -0.05)
(0.4 0.75 -0.05)
(0.5 0.75 -0.05)
(0.6 0.75 -0.05)
(0.7 0.75 -0.05)
(0.8 0.75 -0.05)
(0.9 0.75 -0.05)
(1 0.75 -0.05)
(-1 0.8 -0.05)
(-0.9 0.8 -0.05)
(-0.8 0.8 -0.05)
(-0.7 0.8 -0.05)
(-0.6 0.8 -0.05)
(-0.5 0.8 -0.05)
(-0.4 0.8 -0.05)
(-0.3 0.8 -0.05)
(-0.2 0.8 -0.05)
(-0.1 0.8 -0.05)
(0 0.8 -0.05)
(0.1 0.8 -0.05)
(0.2 0.8 -0.05)
(0.3 0.8 -0.05)
(0.4 0.8 -0.05)
(0.5 0.8 -0.05)
(0.6 0.8 -0.05)
(0.7 0.8 -0.05)
(0.8 0.8 -0.05)
(0.9 0.8 -0.05)
(1 0.8 -0.05)
(-1 0.85 -0.05)
(-0.9 0.85 -0.05)
(-0.8 0.85 -0.05)
(-0.7 0.85 -0.05)
(-0.6 0.85 -0.05)
(-0.5 0.85 -0.05)
(-0.4 0.85 -0.05)
(-0.3 0.85 -0.05)
(-0.2 0.85 -0.05)
(-0.1 0.85 -0.05)
(0 0.85 -0.05)
(0.1 0.85 -0.05)
(0.2 0.85 -0.05)
(0.3 0.85 -0.05)
(0.4 0.85 -0.05)
(0.5 0.85 -0.05)
(0.6 0.85 -0.05)
(0.7 0.85 -0.05)
(0.8 0.85 -0.05)
(0.9 0.85 -0.05)
(1 0.85 -0.05)
(-1 0.9 -0.05)
(-0.9 0.9 -0.05)
(-0.8 0.9 -0.05)
(-0.7 0.9 -0.05)
(-0.6 0.9 -0.05)
(-0.5 0.9 -0.05)
(-0.4 0.9 -0.05)
(-0.3 0.9 -0.05)
(-0.2 0.9 -0.05)
(-0.1 0.9 -0.05)
(0 0.9 -0.05)
(0.1 0.9 -0.05)
(0.2 0.9 -0.05)
(0.3 0.9 -0.05)
(0.4 0.9 -0.05)
(0.5 0.9 -0.05)
(0.6 0.9 -0.05)
(0.7 0.9 -0.05)
(0.8 0.9 -0.05)
(0.9 0.9 -0.05)
(1 0.9 -0.05)
(-1 0.95 -0.05)
(-0.9 0.95 -0.05)
(-0.8 0.95 -0.05)
(-0.7 0.95 -0.05)
(-0.6 0.95 -0.05)
(-0.5 0.95 -0.05)
(-0.4 0.95 -0.05)
(-0.3 0.95 -0.05)
(-0.2 0.95 -0.05)
(-0.1 0.95 -0.05)
(0 0.95 -0.05)
(0.1 0.95 -0.05)
(0.2 0.95 -0.05)
(0.3 0.95 -0.05)
(0.4 0.95 -0.05)
(0.5 0.95 -0.05)
(0.6 0.95 -0.05)
(0.7 0.95 -0.05)
(0.8 0.95 -0.05)
(0.9 0.95 -0.05)
(1 0.95 -0.05)
(-1 1 -0.05)
(-0.9 1 -0.05)
(-0.8 1 -0.05)
(-0.7 1 -0.05)
(-0.6 1 -0.05)
(-0.5 1 -0.05)
(-0.4 1 -0.05)
(-0.3 1 -0.05)
(-0.2 1 -0.05)
(-0.1 1 -0.05)
(0 1 -0.05)
(0.1 1 -0.05)
(0.2 1 -0.05)
(0.3 1 -0.05)
(0.4 1 -0.05)
(0.5 1 -0.05)
(0.6 1 -0.05)
(0.7 1 -0.05)
(0.8 1 -0.05)
(0.9 1 -0.05)
(1 1 -0.05)
(-1 -1 0)
(-0.9 -1 0)
(-0.8 -1 0)
(-0.7 -1 0)
(-0.6 -1 0)
(-0.5 -1 0)
(-0.4 -1 0)
(-0.3 -1 0)
(-0.2 -1 0)
(-0.1 -1 0)
(0 -1 0)
(0.1 -1 0)
(0.2 -1 0)
(0.3 -1 0)
(0.4 -1 0)
(0.5 -1 0)
(0.6 -1 0)
(0.7 -1 0)
(0.8 -1 0)
(0.9 -1 0)
(1 -1 0)
(-1 -0.95 0)
(-0.9 -0.95 0)
(-0.8 -0.95 0)
(-0.7 -0.95 0)
(-0.6 -0.95 0)
(-0.5 -0.95 0)
(-0.4 -0.95 0)
(-0.3 -0.95 0)
(-0.2 -0.95 0)
(-0.1 -0.95 0)
(0 -0.95 0)
(0.1 -0.95 0)
(0.2 -0.95 0)
(0.3 -0.95 0)
(0.4 -0.95 0)
(0.5 -0.95 0)
(0.6 -0.95 0)
(0.7 -0.95 0)
(0.8 -0.95 0)
(0.9 -0.95 0)
(1 -0.95 0)
(-1 -0.9 0)
(-0.9 -0.9 0)
(-0.8 -0.9 0)
(-0.7 -0.9 0)
(-0.6 -0.9 0)
(-0.5 -0.9 0)
(-0.4 -0.9 0)
(-0.3 -0.9 0)
(-0.2 -0.9 0)
(-0.1 -0.9 0)
(0 -0.9 0)
(0.1 -0.9 0)
(0.2 -0.9 0)
(0.3 -0.9 0)
(0.4 -0.9 0)
(0.5 -0.9 0)
(0.6 -0.9 0)
(0.7 -0.9 0)
(0.8 -0.9 0)
(0.9 -0.9 0)
(1 -0.9 0)
(-1 -0.85 0)
(-0.9 -0.85 0)
(-0.8 -0.85 0)
(-0.7 -0.85 0)
(-0.6 -0.85 0)
(-0.5 -0.85 0)
(-0.4 -0.85 0)
(-0.3 -0.85 0)
(-0.2 -0.85 0)
(-0.1 -0.85 0)
(0 -0.85 0)
(0.1 -0.85 0)
(0.2 -0.85 0)
(0.3 -0.85 0)
(0.4 -0.85 0)
(0.5 -0.85 0)
(0.6 -0.85 0)
(0.7 -0.85 0)
(0.8 -0.85 0)
(0.9 -0.85 0)
(1 -0.85 0)
(-1 -0.8 0)
(-0.9 -0.8 0)
(-0.8 -0.8 0)
(-0.7 -0.8 0)
(-0.6 -0.8 0)
(-0.5 -0.8 0)
(-0.4 -0.8 0)
(-0.3 -0.8 0)
(-0.2 -0.8 0)
(-0.1 -0.8 0)
(0 -0.8 0)
(0.1 -0.8 0)
(0.2 -0.8 0)
(0.3 -0.8 0)
(0.4 -0.8 0)
(0.5 -0.8 0)
(0.6 -0.8 0)
(0.7 -0.8 0)
(0.8 -0.8 0)
(0.9 -0.8 0)
(1 -0.8 0)
(-1 -0.75 0)
(-0.9 -0.75 0)
(-0.8 -0.75 0)
(-0.7 -0.75 0)
(-0.6 -0.75 0)
(-0.5 -0.75 0)
(-0.4 -0.75 0)
(-0.3 -0.75 0)
(-0.2 -0.75 0)
(-0.1 -0.75 0)
(0 -0.75 0)
(0.1 -0.75 0)
(0.2 -0.75 0)
(0.3 -0.75 0)
(0.4 -0.75 0)
(0.5 -0.75 0)
(0.6 -0.75 0)
(0.7 -0.75 0)
(0.8 -0.75 0)
(0.9 -0.75 0)
(1 -0.75 0)
(-1 -0.7 0)
(-0.9 -0.7 0)
(-0.8 -0.7 0)
(-0.7 -0.7 0)
(-0.6 -0.7 0)
(-0.5 -0.7 0)
(-0.4 -0.7 0)
(-0.3 -0.7 0)
(-0.2 -0.7 0)
(-0.1 -0.7 0)
(0 -0.7 0)
(0.1 -0.7 0)
(0.2 -0.7 0)
(0.3 -0.7 0)
(0.4 -0.7 0)
(0.5 -0.7 0)
(0.6 -0.7 0)
(0.7 -0.7 0)
(0.8 -0.7 0)
(0.9 -0.7 0)
(1 -0.7 0)
(-1 -0.65 0)
(-0.9 -0.65 0)
(-0.8 -0.65 0)
(-0.7 -0.65 0)
(-0.6 -0.65 0)
(-0.5 -0.65 0)
(-0.4 -0.65 0)
(-0.3 -0.65 0)
(-0.2 -0.65 0)
(-0.1 -0.65 0)
(0 -0.65 0)
(0.1 -0.65 0)
(0.2 -0.65 0)
(0.3 -0.65 0)
(0.4 -0.65 0)
(0.5 -0.65 0)
(0.6 -0.65 0)
(0.7 -0.65 0)
(0.8 -0.65 0)
(0.9 -0.65 0)
(1 -0.65 0)
(-1 -0.6 0)
(-0.9 -0.6 0)
(-0.8 -0.6 0)
(-0.7 -0.6 0)
(-0.6 -0.6 0)
(-0.5 -0.6 0)
(-0.4 -0.6 0)
(-0.3 -0.6 0)
(-0.2 -0.6 0)
(-0.1 -0.6 0)
(0 -0.6 0)
(0.1 -0.6 0)
(0.2 -0.6 0)
(0.3 -0.6 0)
(0.4 -0.6 0)
(0.5 -0.6 0)
(0.6 -0.6 0)
(0.7 -0.6 0)
(0.8 -0.6 0)
(0.9 -0.6 0)
(1 -0.6 0)
(-1 -0.55 0)
(-0.9 -0.55 0)
(-0.8 -0.55 0)
(-0.7 -0.55 0)
(-0.6 -0.55 0)
(-0.5 -0.55 0)
(-0.4 -0.55 0)
(-0.3 -0.55 0)
(-0.2 -0.55 0)
(-0.1 -0.55 0)
(0 -0.55 0)
(0.1 -0.55 0)
(0.2 -0.55 0)
(0.3 -0.55 0)
(0.4 -0.55 0)
(0.5 -0.55 0)
(0.6 -0.55 0)
(0.7 -0.55 0)
(0.8 -0.55 0)
(0.9 -0.55 0)
(1 -0.55 0)
(-1 -0.5 0)
(-0.9 -0.5 0)
(-0.8 -0.5 0)
(-0.7 -0.5 0)
(-0.6 -0.5 0)
(-0.5 -0.5 0)
(-0.4 -0.5 0)
(-0.3 -0.5 0)
(-0.2 -0.5 0)
(-0.1 -0.5 0)
(0 -0.5 0)
(0.1 -0.5 0)
(0.2 -0.5 0)
(0.3 -0.5 0)
(0.4 -0.5 0)
(0.5 -0.5 0)
(0.6 -0.5 0)
(0.7 -0.5 0)
(0.8 -0.5 0)
(0.9 -0.5 0)
(1 -0.5 0)
(-1 -0.45 0)
(-0.9 -0.45 0)
(-0.8 -0.45 0)
(-0.7 -0.45 0)
(-0.6 -0.45 0)
(-0.5 -0.45 0)
(-0.4 -0.45 0)
(-0.3 -0.45 0)
(-0.2 -0.45 0)
(-0.1 -0.45 0)
(0 -0.45 0)
(0.1 -0.45 0)
(0.2 -0.45 0)
(0.3 -0.45 0)
(0.4 -0.45 0)
(0.5 -0.45 0)
(0.6 -0.45 0)
(0.7 -0.45 0)
(0.8 -0.45 0)
(0.9 -0.45 0)
(1 -0.45 0)
(-1 -0.4 0)
(-0.9 -0.4 0)
(-0.8 -0.4 0)
(-0.7 -0.4 0)
(-0.6 -0.4 0)
(-0.5 -0.4 0)
(-0.4 -0.4 0)
(-0.3 -0.4 0)
(-0.2 -0.4 0)
(-0.1 -0.4 0)
(0 -0.4 0)
(0.1 -0.4 0)
(0.2 -0.4 0)
(0.3 -0.4 0)
(0.4 -0.4 0)
(0.5 -0.4 0)
(0.6 -0.4 0)
(0.7 -0.4 0)
(0.8 -0.4 0)
(0.9 -0.4 0)
(1 -0.4 0)
(-1 -0.35 0)
(-0.9 -0.35 0)
(-0.8 -0.35 0)
(-0.7 -0.35 0)
(-0.6 -0.35 0)
(-0.5 -0.35 0)
(-0.4 -0.35 0)
(-0.3 -0.35 0)
(-0.2 -0.35 0)
(-0.1 -0.35 0)
(0 -0.35 0)
(0.1 -0.35 0)
(0.2 -0.35 0)
(0.3 -0.35 0)
(0.4 -0.35 0)
(0.5 -0.35 0)
(0.6 -0.35 0)
(0.7 -0.35 0)
(0.8 -0.35 0)
(0.9 -0.35 0)
(1 -0.35 0)
(-1 -0.3 0)
(-0.9 -0.3 0)
(-0.8 -0.3 0)
(-0.7 -0.3 0)
(-0.6 -0.3 0)
(-0.5 -0.3 0)
(-0.4 -0.3 0)
(-0.3 -0.3 0)
(-0.2 -0.3 0)
(-0.1 -0.3 0)
(0 -0.3 0)
(0.1 -0.3 0)
(0.2 -0.3 0)
(0.3 -0.3 0)
(0.4 -0.3 0)
(0.5 -0.3 0)
(0.6 -0.3 0)
(0.7 -0.3 0)
(0.8 -0.3 0)
(0.9 -0.3 0)
(1 -0.3 0)
(-1 -0.25 0)
(-0.9 -0.25 0)
(-0.8 -0.25 0)
(-0.7 -0.25 0)
(-0.6 -0.25 0)
(-0.5 -0.25 0)
(-0.4 -0.25 0)
(-0.3 -0.25 0)
(-0.2 -0.25 0)
(-0.1 -0.25 0)
(0 -0.25 0)
(0.1 -0.25 0)
(0.2 -0.25 0)
(0.3 -0.25 0)
(0.4 -0.25 0)
(0.5 -0.25 0)
(0.6 -0.25 0)
(0.7 -0.25 0)
(0.8 -0.25 0)
(0.9 -0.25 0)
(1 -0.25 0)
(-1 -0.2 0)
(-0.9 -0.2 0)
(-0.8 -0.2 0)
(-0.7 -0.2 0)
(-0.6 -0.2 0)
(-0.5 -0.2 0)
(-0.4 -0.2 0)
(-0.3 -0.2 0)
(-0.2 -0.2 0)
(-0.1 -0.2 0)
(0 -0.2 0)
(0.1 -0.2 0)
(0.2 -0.2 0)
(0.3 -0.2 0)
(0.4 -0.2 0)
(0.5 -0.2 0)
(0.6 -0.2 0)
(0.7 -0.2 0)
(0.8 -0.2 0)
(0.9 -0.2 0)
(1 -0.2 0)
(-1 -0.15 0)
(-0.9 -0.15 0)
(-0.8 -0.15 0)
(-0.7 -0.15 0)
(-0.6 -0.15 0)
(-0.5 -0.15 0)
(-0.4 -0.15 0)
(-0.3 -0.15 0)
(-0.2 -0.15 0)
(-0.1 -0.15 0)
(0 -0.15 0)
(0.1 -0.15 0)
(0.2 -0.15 0)
(0.3 -0.15 0)
(0.4 -0.15 0)
(0.5 -0.15 0)
(0.6 -0.15 0)
(0.7 -0.15 0)
(0.8 -0.15 0)
(0.9 -0.15 0)
(1 -0.15 0)
(-1 -0.1 0)
(-0.9 -0.1 0)
(-0.8 -0.1 0)
(-0.7 -0.1 0)
(-0.6 -0.1 0)
(-0.5 -0.1 0)
(-0.4 -0.1 0)
(-0.3 -0.1 0)
(-0.2 -0.1 0)
(-0.1 -0.1 0)
(0 -0.1 0)
(0.1 -0.1 0)
(0.2 -0.1 0)
(0.3 -0.1 0)
(0.4 -0.1 0)
(0.5 -0.1 0)
(0.6 -0.1 0)
(0.7 -0.1 0)
(0.8 -0.1 0)
(0.9 -0.1 0)
(1 -0.1 0)
(-1 -0.05 0)
(-0.9 -0.05 0)
(-0.8 -0.05 0)
(-0.7 -0.05 0)
(-0.6 -0.05 0)
(-0.5 -0.05 0)
(-0.4 -0.05 0)
(-0.3 -0.05 0)
(-0.2 -0.05 0)
(-0.1 -0.05 0)
(0 -0.05 0)
(0.1 -0.05 0)
(0.2 -0.05 0)
(0.3 -0.05 0)
(0.4 -0.05 0)
(0.5 -0.05 0)
(0.6 -0.05 0)
(0.7 -0.05 0)
(0.8 -0.05 0)
(0.9 -0.05 0)
(1 -0.05 0)
(-1 0 0)
(-0.9 0 0)
(-0.8 0 0)
(-0.7 0 0)
(-0.6 0 0)
(-0.5 0 0)
(-0.4 0 0)
(-0.3 0 0)
(-0.2 0 0)
(-0.1 0 0)
(0 0 0)
(0.1 0 0)
(0.2 0 0)
(0.3 0 0)
(0.4 0 0)
(0.5 0 0)
(0.6 0 0)
(0.7 0 0)
(0.8 0 0)
(0.9 0 0)
(1 0 0)
(-1 0.05 0)
(-0.9 0.05 0)
(-0.8 0.05 0)
(-0.7 0.05 0)
(-0.6 0.05 0)
(-0.5 0.05 0)
(-0.4 0.05 0)
(-0.3 0.05 0)
(-0.2 0.05 0)
(-0.1 0.05 0)
(0 0.05 0)
(0.1 0.05 0)
(0.2 0.05 0)
(0.3 0.05 0)
(0.4 0.05 0)
(0.5 0.05 0)
(0.6 0.05 0)
(0.7 0.05 0)
(0.8 0.05 0)
(0.9 0.05 0)
(1 0.05 0)
(-1 0.1 0)
(-0.9 0.1 0)
(-0.8 0.1 0)
(-0.7 0.1 0)
(-0.6 0.1 0)
(-0.5 0.1 0)
(-0.4 0.1 0)
(-0.3 0.1 0)
(-0.2 0.1 0)
(-0.1 0.1 0)
(0 0.1 0)
(0.1 0.1 0)
(0.2 0.1 0)
(0.3 0.1 0)
(0.4 0.1 0)
(0.5 0.1 0)
(0.6 0.1 0)
(0.7 0.1 0)
(0.8 0.1 0)
(0.9 0.1 0)
(1 0.1 0)
(-1 0.15 0)
(-0.9 0.15 0)
(-0.8 0.15 0)
(-0.7 0.15 0)
(-0.6 0.15 0)
(-0.5 0.15 0)
(-0.4 0.15 0)
(-0.3 0.15 0)
(-0.2 0.15 0)
(-0.1 0.15 0)
(0 0.15 0)
(0.1 0.15 0)
(0.2 0.15 0)
(0.3 0.15 0)
(0.4 0.15 0)
(0.5 0.15 0)
(0.6 0.15 0)
(0.7 0.15 0)
(0.8 0.15 0)
(0.9 0.15 0)
(1 0.15 0)
(-1 0.2 0)
(-0.9 0.2 0)
(-0.8 0.2 0)
(-0.7 0.2 0)
(-0.6 0.2 0)
(-0.5 0.2 0)
(-0.4 0.2 0)
(-0.3 0.2 0)
(-0.2 0.2 0)
(-0.1 0.2 0)
(0 0.2 0)
(0.1 0.2 0)
(0.2 0.2 0)
(0.3 0.2 0)
(0.4 0.2 0)
(0.5 0.2 0)
(0.6 0.2 0)
(0.7 0.2 0)
(0.8 0.2 0)
(0.9 0.2 0)
(1 0.2 0)
(-1 0.25 0)
(-0.9 0.25 0)
(-0.8 0.25 0)
(-0.7 0.25 0)
(-0.6 0.25 0)
(-0.5 0.25 0)
(-0.4 0.25 0)
(-0.3 0.25 0)
(-0.2 0.25 0)
(-0.1 0.25 0)
(0 0.25 0)
(0.1 0.25 0)
(0.2 0.25 0)
(0.3 0.25 0)
(0.4 0.25 0)
(0.5 0.25 0)
(0.6 0.25 0)
(0.7 0.25 0)
(0.8 0.25 0)
(0.9 0.25 0)
(1 0.25 0)
(-1 0.3 0)
(-0.9 0.3 0)
(-0.8 0.3 0)
(-0.7 0.3 0)
(-0.6 0.3 0)
(-0.5 0.3 0)
(-0.4 0.3 0)
(-0.3 0.3 0)
(-0.2 0.3 0)
(-0.1 0.3 0)
(0 0.3 0)
(0.1 0.3 0)
(0.2 0.3 0)
(0.3 0.3 0)
(0.4 0.3 0)
(0.5 0.3 0)
(0.6 0.3 0)
(0.7 0.3 0)
(0.8 0.3 0)
(0.9 0.3 0)
(1 0.3 0)
(-1 0.35 0)
(-0.9 0.35 0)
(-0.8 0.35 0)
(-0.7 0.35 0)
(-0.6 0.35 0)
(-0.5 0.35 0)
(-0.4 0.35 0)
(-0.3 0.35 0)
(-0.2 0.35 0)
(-0.1 0.35 0)
(0 0.35 0)
(0.1 0.35 0)
(0.2 0.35 0)
(0.3 0.35 0)
(0.4 0.35 0)
(0.5 0.35 0)
(0.6 0.35 0)
(0.7 0.35 0)
(0.8 0.35 0)
(0.9 0.35 0)
(1 0.35 0)
(-1 0.4 0)
(-0.9 0.4 0)
(-0.8 0.4 0)
(-0.7 0.4 0)
(-0.6 0.4 0)
(-0.5 0.4 0)
(-0.4 0.4 0)
(-0.3 0.4 0)
(-0.2 0.4 0)
(-0.1 0.4 0)
(0 0.4 0)
(0.1 0.4 0)
(0.2 0.4 0)
(0.3 0.4 0)
(0.4 0.4 0)
(0.5 0.4 0)
(0.6 0.4 0)
(0.7 0.4 0)
(0.8 0.4 0)
(0.9 0.4 0)
(1 0.4 0)
(-1 0.45 0)
(-0.9 0.45 0)
(-0.8 0.45 0)
(-0.7 0.45 0)
(-0.6 0.45 0)
(-0.5 0.45 0)
(-0.4 0.45 0)
(-0.3 0.45 0)
(-0.2 0.45 0)
(-0.1 0.45 0)
(0 0.45 0)
(0.1 0.45 0)
(0.2 0.45 0)
(0.3 0.45 0)
(0.4 0.45 0)
(0.5 0.45 0)
(0.6 0.45 0)
(0.7 0.45 0)
(0.8 0.45 0)
(0.9 0.45 0)
(1 0.45 0)
(-1 0.5 0)
(-0.9 0.5 0)
(-0.8 0.5 0)
(-0.7 0.5 0)
(-0.6 0.5 0)
(-0.5 0.5 0)
(-0.4 0.5 0)
(-0.3 0.5 0)
(-0.2 0.5 0)
(-0.1 0.5 0)
(0 0.5 0)
(0.1 0.5 0)
(0.2 0.5 0)
(0.3 0.5 0)
(0.4 0.5 0)
(0.5 0.5 0)
(0.6 0.5 0)
(0.7 0.5 0)
(0.8 0.5 0)
(0.9 0.5 0)
(1 0.5 0)
(-1 0.55 0)
(-0.9 0.55 0)
(-0.8 0.55 0)
(-0.7 0.55 0)
(-0.6 0.55 0)
(-0.5 0.55 0)
(-0.4 0.55 0)
(-0.3 0.55 0)
(-0.2 0.55 0)
(-0.1 0.55 0)
(0 0.55 0)
(0.1 0.55 0)
(0.2 0.55 0)
(0.3 0.55 0)
(0.4 0.55 0)
(0.5 0.55 0)
(0.6 0.55 0)
(0.7 0.55 0)
(0.8 0.55 0)
(0.9 0.55 0)
(1 0.55 0)
(-1 0.6 0)
(-0.9 0.6 0)
(-0.8 0.6 0)
(-0.7 0.6 0)
(-0.6 0.6 0)
(-0.5 0.6 0)
(-0.4 0.6 0)
(-0.3 0.6 0)
(-0.2 0.6 0)
(-0.1 0.6 0)
(0 0.6 0)
(0.1 0.6 0)
(0.2 0.6 0)
(0.3 0.6 0)
(0.4 0.6 0)
(0.5 0.6 0)
(0.6 0.6 0)
(0.7 0.6 0)
(0.8 0.6 0)
(0.9 0.6 0)
(1 0.6 0)
(-1 0.65 0)
(-0.9 0.65 0)
(-0.8 0.65 0)
(-0.7 0.65 0)
(-0.6 0.65 0)
(-0.5 0.65 0)
(-0.4 0.65 0)
(-0.3 0.65 0)
(-0.2 0.65 0)
(-0.1 0.65 0)
(0 0.65 0)
(0.1 0.65 0)
(0.2 0.65 0)
(0.3 0.65 0)
(0.4 0.65 0)
(0.5 0.65 0)
(0.6 0.65 0)
(0.7 0.65 0)
(0.8 0.65 0)
(0.9 0.65 0)
(1 0.65 0)
(-1 0.7 0)
(-0.9 0.7 0)
(-0.8 0.7 0)
(-0.7 0.7 0)
(-0.6 0.7 0)
(-0.5 0.7 0)
(-0.4 0.7 0)
(-0.3 0.7 0)
(-0.2 0.7 0)
(-0.1 0.7 0)
(0 0.7 0)
(0.1 0.7 0)
(0.2 0.7 0)
(0.3 0.7 0)
(0.4 0.7 0)
(0.5 0.7 0)
(0.6 0.7 0)
(0.7 0.7 0)
(0.8 0.7 0)
(0.9 0.7 0)
(1 0.7 0)
(-1 0.75 0)
(-0.9 0.75 0)
(-0.8 0.75 0)
(-0.7 0.75 0)
(-0.6 0.75 0)
(-0.5 0.75 0)
(-0.4 0.75 0)
(-0.3 0.75 0)
(-0.2 0.75 0)
(-0.1 0.75 0)
(0 0.75 0)
(0.1 0.75 0)
(0.2 0.75 0)
(0.3 0.75 0)
(0.4 0.75 0)
(0.5 0.75 0)
(0.6 0.75 0)
(0.7 0.75 0)
(0.8 0.75 0)
(0.9 0.75 0)
(1 0.75 0)
(-1 0.8 0)
(-0.9 0.8 0)
(-0.8 0.8 0)
(-0.7 0.8 0)
(-0.6 0.8 0)
(-0.5 0.8 0)
(-0.4 0.8 0)
(-0.3 0.8 0)
(-0.2 0.8 0)
(-0.1 0.8 0)
(0 0.8 0)
(0.1 0.8 0)
(0.2 0.8 0)
(0.3 0.8 0)
(0.4 0.8 0)
(0.5 0.8 0)
(0.6 0.8 0)
(0.7 0.8 0)
(0.8 0.8 0)
(0.9 0.8 0)
(1 0.8 0)
(-1 0.85 0)
(-0.9 0.85 0)
(-0.8 0.85 0)
(-0.7 0.85 0)
(-0.6 0.85 0)
(-0.5 0.85 0)
(-0.4 0.85 0)
(-0.3 0.85 0)
(-0.2 0.85 0)
(-0.1 0.85 0)
(0 0.85 0)
(0.1 0.85 0)
(0.2 0.85 0)
(0.3 0.85 0)
(0.4 0.85 0)
(0.5 0.85 0)
(0.6 0.85 0)
(0.7 0.85 0)
(0.8 0.85 0)
(0.9 0.85 0)
(1 0.85 0)
(-1 0.9 0)
(-0.9 0.9 0)
(-0.8 0.9 0)
(-0.7 0.9 0)
(-0.6 0.9 0)
(-0.5 0.9 0)
(-0.4 0.9 0)
(-0.3 0.9 0)
(-0.2 0.9 0)
(-0.1 0.9 0)
(0 0.9 0)
(0.1 0.9 0)
(0.2 0.9 0)
(0.3 0.9 0)
(0.4 0.9 0)
(0.5 0.9 0)
(0.6 0.9 0)
(0.7 0.9 0)
(0.8 0.9 0)
(0.9 0.9 0)
(1 0.9 0)
(-1 0.95 0)
(-0.9 0.95 0)
(-0.8 0.95 0)
(-0.7 0.95 0)
(-0.6 0.95 0)
(-0.5 0.95 0)
(-0.4 0.95 0)
(-0.3 0.95 0)
(-0.2 0.95 0)
(-0.1 0.95 0)
(0 0.95 0)
(0.1 0.95 0)
(0.2 0.95 0)
(0.3 0.95 0)
(0.4 0.95 0)
(0.5 0.95 0)
(0.6 0.95 0)
(0.7 0.95 0)
(0.8 0.95 0)
(0.9 0.95 0)
(1 0.95 0)
(-1 1 0)
(-0.9 1 0)
(-0.8 1 0)
(-0.7 1 0)
(-0.6 1 0)
(-0.5 1 0)
(-0.4 1 0)
(-0.3 1 0)
(-0.2 1 0)
(-0.1 1 0)
(0 1 0)
(0.1 1 0)
(0.2 1 0)
(0.3 1 0)
(0.4 1 0)
(0.5 1 0)
(0.6 1 0)
(0.7 1 0)
(0.8 1 0)
(0.9 1 0)
(1 1 0)
(-0.5 -0.5 -0.05)
(-0.45 -0.5 -0.05)
(-0.4 -0.5 -0.05)
(-0.35 -0.5 -0.05)
(-0.3 -0.5 -0.05)
(-0.25 -0.5 -0.05)
(-0.2 -0.5 -0.05)
(-0.15 -0.5 -0.05)
(-0.1 -0.5 -0.05)
(-0.05 -0.5 -0.05)
(0 -0.5 -0.05)
(0.05 -0.5 -0.05)
(0.1 -0.5 -0.05)
(0.15 -0.5 -0.05)
(0.2 -0.5 -0.05)
(0.25 -0.5 -0.05)
(0.3 -0.5 -0.05)
(0.35 -0.5 -0.05)
(0.4 -0.5 -0.05)
(0.45 -0.5 -0.05)
(0.5 -0.5 -0.05)
(-0.5 -0.475 -0.05)
(-0.45 -0.475 -0.05)
(-0.4 -0.475 -0.05)
(-0.35 -0.475 -0.05)
(-0.3 -0.475 -0.05)
(-0.25 -0.475 -0.05)
(-0.2 -0.475 -0.05)
(-0.15 -0.475 -0.05)
(-0.1 -0.475 -0.05)
(-0.05 -0.475 -0.05)
(0 -0.475 -0.05)
(0.05 -0.475 -0.05)
(0.1 -0.475 -0.05)
(0.15 -0.475 -0.05)
(0.2 -0.475 -0.05)
(0.25 -0.475 -0.05)
(0.3 -0.475 -0.05)
(0.35 -0.475 -0.05)
(0.4 -0.475 -0.05)
(0.45 -0.475 -0.05)
(0.5 -0.475 -0.05)
(-0.5 -0.45 -0.05)
(-0.45 -0.45 -0.05)
(-0.4 -0.45 -0.05)
(-0.35 -0.45 -0.05)
(-0.3 -0.45 -0.05)
(-0.25 -0.45 -0.05)
(-0.2 -0.45 -0.05)
(-0.15 -0.45 -0.05)
(-0.1 -0.45 -0.05)
(-0.05 -0.45 -0.05)
(0 -0.45 -0.05)
(0.05 -0.45 -0.05)
(0.1 -0.45 -0.05)
(0.15 -0.45 -0.05)
(0.2 -0.45 -0.05)
(0.25 -0.45 -0.05)
(0.3 -0.45 -0.05)
(0.35 -0.45 -0.05)
(0.4 -0.45 -0.05)
(0.45 -0.45 -0.05)
(0.5 -0.45 -0.05)
(-0.5 -0.425 -0.05)
(-0.45 -0.425 -0.05)
(-0.4 -0.425 -0.05)
(-0.35 -0.425 -0.05)
(-0.3 -0.425 -0.05)
(-0.25 -0.425 -0.05)
(-0.2 -0.425 -0.05)
(-0.15 -0.425 -0.05)
(-0.1 -0.425 -0.05)
(-0.05 -0.425 -0.05)
(0 -0.425 -0.05)
(0.05 -0.425 -0.05)
(0.1 -0.425 -0.05)
(0.15 -0.425 -0.05)
(0.2 -0.425 -0.05)
(0.25 -0.425 -0.05)
(0.3 -0.425 -0.05)
(0.35 -0.425 -0.05)
(0.4 -0.425 -0.05)
(0.45 -0.425 -0.05)
(0.5 -0.425 -0.05)
(-0.5 -0.4 -0.05)
(-0.45 -0.4 -0.05)
(-0.4 -0.4 -0.05)
(-0.35 -0.4 -0.05)
(-0.3 -0.4 -0.05)
(-0.25 -0.4 -0.05)
(-0.2 -0.4 -0.05)
(-0.15 -0.4 -0.05)
(-0.1 -0.4 -0.05)
(-0.05 -0.4 -0.05)
(0 -0.4 -0.05)
(0.05 -0.4 -0.05)
(0.1 -0.4 -0.05)
(0.15 -0.4 -0.05)
(0.2 -0.4 -0.05)
(0.25 -0.4 -0.05)
(0.3 -0.4 -0.05)
(0.35 -0.4 -0.05)
(0.4 -0.4 -0.05)
(0.45 -0.4 -0.05)
(0.5 -0.4 -0.05)
(-0.5 -0.375 -0.05)
(-0.45 -0.375 -0.05)
(-0.4 -0.375 -0.05)
(-0.35 -0.375 -0.05)
(-0.3 -0.375 -0.05)
(-0.25 -0.375 -0.05)
(-0.2 -0.375 -0.05)
(-0.15 -0.375 -0.05)
(-0.1 -0.375 -0.05)
(-0.05 -0.375 -0.05)
(0 -0.375 -0.05)
(0.05 -0.375 -0.05)
(0.1 -0.375 -0.05)
(0.15 -0.375 -0.05)
(0.2 -0.375 -0.05)
(0.25 -0.375 -0.05)
(0.3 -0.375 -0.05)
(0.35 -0.375 -0.05)
(0.4 -0.375 -0.05)
(0.45 -0.375 -0.05)
(0.5 -0.375 -0.05)
(-0.5 -0.35 -0.05)
(-0.45 -0.35 -0.05)
(-0.4 -0.35 -0.05)
(-0.35 -0.35 -0.05)
(-0.3 -0.35 -0.05)
(-0.25 -0.35 -0.05)
(-0.2 -0.35 -0.05)
(-0.15 -0.35 -0.05)
(-0.1 -0.35 -0.05)
(-0.05 -0.35 -0.05)
(0 -0.35 -0.05)
(0.05 -0.35 -0.05)
(0.1 -0.35 -0.05)
(0.15 -0.35 -0.05)
(0.2 -0.35 -0.05)
(0.25 -0.35 -0.05)
(0.3 -0.35 -0.05)
(0.35 -0.35 -0.05)
(0.4 -0.35 -0.05)
(0.45 -0.35 -0.05)
(0.5 -0.35 -0.05)
(-0.5 -0.325 -0.05)
(-0.45 -0.325 -0.05)
(-0.4 -0.325 -0.05)
(-0.35 -0.325 -0.05)
(-0.3 -0.325 -0.05)
(-0.25 -0.325 -0.05)
(-0.2 -0.325 -0.05)
(-0.15 -0.325 -0.05)
(-0.1 -0.325 -0.05)
(-0.05 -0.325 -0.05)
(0 -0.325 -0.05)
(0.05 -0.325 -0.05)
(0.1 -0.325 -0.05)
(0.15 -0.325 -0.05)
(0.2 -0.325 -0.05)
(0.25 -0.325 -0.05)
(0.3 -0.325 -0.05)
(0.35 -0.325 -0.05)
(0.4 -0.325 -0.05)
(0.45 -0.325 -0.05)
(0.5 -0.325 -0.05)
(-0.5 -0.3 -0.05)
(-0.45 -0.3 -0.05)
(-0.4 -0.3 -0.05)
(-0.35 -0.3 -0.05)
(-0.3 -0.3 -0.05)
(-0.25 -0.3 -0.05)
(-0.2 -0.3 -0.05)
(-0.15 -0.3 -0.05)
(-0.1 -0.3 -0.05)
(-0.05 -0.3 -0.05)
(0 -0.3 -0.05)
(0.05 -0.3 -0.05)
(0.1 -0.3 -0.05)
(0.15 -0.3 -0.05)
(0.2 -0.3 -0.05)
(0.25 -0.3 -0.05)
(0.3 -0.3 -0.05)
(0.35 -0.3 -0.05)
(0.4 -0.3 -0.05)
(0.45 -0.3 -0.05)
(0.5 -0.3 -0.05)
(-0.5 -0.275 -0.05)
(-0.45 -0.275 -0.05)
(-0.4 -0.275 -0.05)
(-0.35 -0.275 -0.05)
(-0.3 -0.275 -0.05)
(-0.25 -0.275 -0.05)
(-0.2 -0.275 -0.05)
(-0.15 -0.275 -0.05)
(-0.1 -0.275 -0.05)
(-0.05 -0.275 -0.05)
(0 -0.275 -0.05)
(0.05 -0.275 -0.05)
(0.1 -0.275 -0.05)
(0.15 -0.275 -0.05)
(0.2 -0.275 -0.05)
(0.25 -0.275 -0.05)
(0.3 -0.275 -0.05)
(0.35 -0.275 -0.05)
(0.4 -0.275 -0.05)
(0.45 -0.275 -0.05)
(0.5 -0.275 -0.05)
(-0.5 -0.25 -0.05)
(-0.45 -0.25 -0.05)
(-0.4 -0.25 -0.05)
(-0.35 -0.25 -0.05)
(-0.3 -0.25 -0.05)
(-0.25 -0.25 -0.05)
(-0.2 -0.25 -0.05)
(-0.15 -0.25 -0.05)
(-0.1 -0.25 -0.05)
(-0.05 -0.25 -0.05)
(0 -0.25 -0.05)
(0.05 -0.25 -0.05)
(0.1 -0.25 -0.05)
(0.15 -0.25 -0.05)
(0.2 -0.25 -0.05)
(0.25 -0.25 -0.05)
(0.3 -0.25 -0.05)
(0.35 -0.25 -0.05)
(0.4 -0.25 -0.05)
(0.45 -0.25 -0.05)
(0.5 -0.25 -0.05)
(-0.5 -0.225 -0.05)
(-0.45 -0.225 -0.05)
(-0.4 -0.225 -0.05)
(-0.35 -0.225 -0.05)
(-0.3 -0.225 -0.05)
(-0.25 -0.225 -0.05)
(-0.2 -0.225 -0.05)
(-0.15 -0.225 -0.05)
(-0.1 -0.225 -0.05)
(-0.05 -0.225 -0.05)
(0 -0.225 -0.05)
(0.05 -0.225 -0.05)
(0.1 -0.225 -0.05)
(0.15 -0.225 -0.05)
(0.2 -0.225 -0.05)
(0.25 -0.225 -0.05)
(0.3 -0.225 -0.05)
(0.35 -0.225 -0.05)
(0.4 -0.225 -0.05)
(0.45 -0.225 -0.05)
(0.5 -0.225 -0.05)
(-0.5 -0.2 -0.05)
(-0.45 -0.2 -0.05)
(-0.4 -0.2 -0.05)
(-0.35 -0.2 -0.05)
(-0.3 -0.2 -0.05)
(-0.25 -0.2 -0.05)
(-0.2 -0.2 -0.05)
(-0.15 -0.2 -0.05)
(-0.1 -0.2 -0.05)
(-0.05 -0.2 -0.05)
(0 -0.2 -0.05)
(0.05 -0.2 -0.05)
(0.1 -0.2 -0.05)
(0.15 -0.2 -0.05)
(0.2 -0.2 -0.05)
(0.25 -0.2 -0.05)
(0.3 -0.2 -0.05)
(0.35 -0.2 -0.05)
(0.4 -0.2 -0.05)
(0.45 -0.2 -0.05)
(0.5 -0.2 -0.05)
(-0.5 -0.175 -0.05)
(-0.45 -0.175 -0.05)
(-0.4 -0.175 -0.05)
(-0.35 -0.175 -0.05)
(-0.3 -0.175 -0.05)
(-0.25 -0.175 -0.05)
(-0.2 -0.175 -0.05)
(-0.15 -0.175 -0.05)
(-0.1 -0.175 -0.05)
(-0.05 -0.175 -0.05)
(0 -0.175 -0.05)
(0.05 -0.175 -0.05)
(0.1 -0.175 -0.05)
(0.15 -0.175 -0.05)
(0.2 -0.175 -0.05)
(0.25 -0.175 -0.05)
(0.3 -0.175 -0.05)
(0.35 -0.175 -0.05)
(0.4 -0.175 -0.05)
(0.45 -0.175 -0.05)
(0.5 -0.175 -0.05)
(-0.5 -0.15 -0.05)
(-0.45 -0.15 -0.05)
(-0.4 -0.15 -0.05)
(-0.35 -0.15 -0.05)
(-0.3 -0.15 -0.05)
(-0.25 -0.15 -0.05)
(-0.2 -0.15 -0.05)
(-0.15 -0.15 -0.05)
(-0.1 -0.15 -0.05)
(-0.05 -0.15 -0.05)
(0 -0.15 -0.05)
(0.05 -0.15 -0.05)
(0.1 -0.15 -0.05)
(0.15 -0.15 -0.05)
(0.2 -0.15 -0.05)
(0.25 -0.15 -0.05)
(0.3 -0.15 -0.05)
(0.35 -0.15 -0.05)
(0.4 -0.15 -0.05)
(0.45 -0.15 -0.05)
(0.5 -0.15 -0.05)
(-0.5 -0.125 -0.05)
(-0.45 -0.125 -0.05)
(-0.4 -0.125 -0.05)
(-0.35 -0.125 -0.05)
(-0.3 -0.125 -0.05)
(-0.25 -0.125 -0.05)
(-0.2 -0.125 -0.05)
(-0.15 -0.125 -0.05)
(-0.1 -0.125 -0.05)
(-0.05 -0.125 -0.05)
(0 -0.125 -0.05)
(0.05 -0.125 -0.05)
(0.1 -0.125 -0.05)
(0.15 -0.125 -0.05)
(0.2 -0.125 -0.05)
(0.25 -0.125 -0.05)
(0.3 -0.125 -0.05)
(0.35 -0.125 -0.05)
(0.4 -0.125 -0.05)
(0.45 -0.125 -0.05)
(0.5 -0.125 -0.05)
(-0.5 -0.1 -0.05)
(-0.45 -0.1 -0.05)
(-0.4 -0.1 -0.05)
(-0.35 -0.1 -0.05)
(-0.3 -0.1 -0.05)
(-0.25 -0.1 -0.05)
(-0.2 -0.1 -0.05)
(-0.15 -0.1 -0.05)
(-0.1 -0.1 -0.05)
(-0.05 -0.1 -0.05)
(0 -0.1 -0.05)
(0.05 -0.1 -0.05)
(0.1 -0.1 -0.05)
(0.15 -0.1 -0.05)
(0.2 -0.1 -0.05)
(0.25 -0.1 -0.05)
(0.3 -0.1 -0.05)
(0.35 -0.1 -0.05)
(0.4 -0.1 -0.05)
(0.45 -0.1 -0.05)
(0.5 -0.1 -0.05)
(-0.5 -0.075 -0.05)
(-0.45 -0.075 -0.05)
(-0.4 -0.075 -0.05)
(-0.35 -0.075 -0.05)
(-0.3 -0.075 -0.05)
(-0.25 -0.075 -0.05)
(-0.2 -0.075 -0.05)
(-0.15 -0.075 -0.05)
(-0.1 -0.075 -0.05)
(-0.05 -0.075 -0.05)
(0 -0.075 -0.05)
(0.05 -0.075 -0.05)
(0.1 -0.075 -0.05)
(0.15 -0.075 -0.05)
(0.2 -0.075 -0.05)
(0.25 -0.075 -0.05)
(0.3 -0.075 -0.05)
(0.35 -0.075 -0.05)
(0.4 -0.075 -0.05)
(0.45 -0.075 -0.05)
(0.5 -0.075 -0.05)
(-0.5 -0.05 -0.05)
(-0.45 -0.05 -0.05)
(-0.4 -0.05 -0.05)
(-0.35 -0.05 -0.05)
(-0.3 -0.05 -0.05)
(-0.25 -0.05 -0.05)
(-0.2 -0.05 -0.05)
(-0.15 -0.05 -0.05)
(-0.1 -0.05 -0.05)
(-0.05 -0.05 -0.05)
(0 -0.05 -0.05)
(0.05 -0.05 -0.05)
(0.1 -0.05 -0.05)
(0.15 -0.05 -0.05)
(0.2 -0.05 -0.05)
(0.25 -0.05 -0.05)
(0.3 -0.05 -0.05)
(0.35 -0.05 -0.05)
(0.4 -0.05 -0.05)
(0.45 -0.05 -0.05)
(0.5 -0.05 -0.05)
(-0.5 -0.025 -0.05)
(-0.45 -0.025 -0.05)
(-0.4 -0.025 -0.05)
(-0.35 -0.025 -0.05)
(-0.3 -0.025 -0.05)
(-0.25 -0.025 -0.05)
(-0.2 -0.025 -0.05)
(-0.15 -0.025 -0.05)
(-0.1 -0.025 -0.05)
(-0.05 -0.025 -0.05)
(0 -0.025 -0.05)
(0.05 -0.025 -0.05)
(0.1 -0.025 -0.05)
(0.15 -0.025 -0.05)
(0.2 -0.025 -0.05)
(0.25 -0.025 -0.05)
(0.3 -0.025 -0.05)
(0.35 -0.025 -0.05)
(0.4 -0.025 -0.05)
(0.45 -0.025 -0.05)
(0.5 -0.025 -0.05)
(-0.5 0 -0.05)
(-0.45 0 -0.05)
(-0.4 0 -0.05)
(-0.35 0 -0.05)
(-0.3 0 -0.05)
(-0.25 0 -0.05)
(-0.2 0 -0.05)
(-0.15 0 -0.05)
(-0.1 0 -0.05)
(-0.05 0 -0.05)
(0 0 -0.05)
(0.05 0 -0.05)
(0.1 0 -0.05)
(0.15 0 -0.05)
(0.2 0 -0.05)
(0.25 0 -0.05)
(0.3 0 -0.05)
(0.35 0 -0.05)
(0.4 0 -0.05)
(0.45 0 -0.05)
(0.5 0 -0.05)
(-0.5 0.025 -0.05)
(-0.45 0.025 -0.05)
(-0.4 0.025 -0.05)
(-0.35 0.025 -0.05)
(-0.3 0.025 -0.05)
(-0.25 0.025 -0.05)
(-0.2 0.025 -0.05)
(-0.15 0.025 -0.05)
(-0.1 0.025 -0.05)
(-0.05 0.025 -0.05)
(0 0.025 -0.05)
(0.05 0.025 -0.05)
(0.1 0.025 -0.05)
(0.15 0.025 -0.05)
(0.2 0.025 -0.05)
(0.25 0.025 -0.05)
(0.3 0.025 -0.05)
(0.35 0.025 -0.05)
(0.4 0.025 -0.05)
(0.45 0.025 -0.05)
(0.5 0.025 -0.05)
(-0.5 0.05 -0.05)
(-0.45 0.05 -0.05)
(-0.4 0.05 -0.05)
(-0.35 0.05 -0.05)
(-0.3 0.05 -0.05)
(-0.25 0.05 -0.05)
(-0.2 0.05 -0.05)
(-0.15 0.05 -0.05)
(-0.1 0.05 -0.05)
(-0.05 0.05 -0.05)
(0 0.05 -0.05)
(0.05 0.05 -0.05)
(0.1 0.05 -0.05)
(0.15 0.05 -0.05)
(0.2 0.05 -0.05)
(0.25 0.05 -0.05)
(0.3 0.05 -0.05)
(0.35 0.05 -0.05)
(0.4 0.05 -0.05)
(0.45 0.05 -0.05)
(0.5 0.05 -0.05)
(-0.5 0.075 -0.05)
(-0.45 0.075 -0.05)
(-0.4 0.075 -0.05)
(-0.35 0.075 -0.05)
(-0.3 0.075 -0.05)
(-0.25 0.075 -0.05)
(-0.2 0.075 -0.05)
(-0.15 0.075 -0.05)
(-0.1 0.075 -0.05)
(-0.05 0.075 -0.05)
(0 0.075 -0.05)
(0.05 0.075 -0.05)
(0.1 0.075 -0.05)
(0.15 0.075 -0.05)
(0.2 0.075 -0.05)
(0.25 0.075 -0.05)
(0.3 0.075 -0.05)
(0.35 0.075 -0.05)
(0.4 0.075 -0.05)
(0.45 0.075 -0.05)
(0.5 0.075 -0.05)
(-0.5 0.1 -0.05)
(-0.45 0.1 -0.05)
(-0.4 0.1 -0.05)
(-0.35 0.1 -0.05)
(-0.3 0.1 -0.05)
(-0.25 0.1 -0.05)
(-0.2 0.1 -0.05)
(-0.15 0.1 -0.05)
(-0.1 0.1 -0.05)
(-0.05 0.1 -0.05)
(0 0.1 -0.05)
(0.05 0.1 -0.05)
(0.1 0.1 -0.05)
(0.15 0.1 -0.05)
(0.2 0.1 -0.05)
(0.25 0.1 -0.05)
(0.3 0.1 -0.05)
(0.35 0.1 -0.05)
(0.4 0.1 -0.05)
(0.45 0.1 -0.05)
(0.5 0.1 -0.05)
(-0.5 0.125 -0.05)
(-0.45 0.125 -0.05)
(-0.4 0.125 -0.05)
(-0.35 0.125 -0.05)
(-0.3 0.125 -0.05)
(-0.25 0.125 -0.05)
(-0.2 0.125 -0.05)
(-0.15 0.125 -0.05)
(-0.1 0.125 -0.05)
(-0.05 0.125 -0.05)
(0 0.125 -0.05)
(0.05 0.125 -0.05)
(0.1 0.125 -0.05)
(0.15 0.125 -0.05)
(0.2 0.125 -0.05)
(0.25 0.125 -0.05)
(0.3 0.125 -0.05)
(0.35 0.125 -0.05)
(0.4 0.125 -0.05)
(0.45 0.125 -0.05)
(0.5 0.125 -0.05)
(-0.5 0.15 -0.05)
(-0.45 0.15 -0.05)
(-0.4 0.15 -0.05)
(-0.35 0.15 -0.05)
(-0.3 0.15 -0.05)
(-0.25 0.15 -0.05)
(-0.2 0.15 -0.05)
(-0.15 0.15 -0.05)
(-0.1 0.15 -0.05)
(-0.05 0.15 -0.05)
(0 0.15 -0.05)
(0.05 0.15 -0.05)
(0.1 0.15 -0.05)
(0.15 0.15 -0.05)
(0.2 0.15 -0.05)
(0.25 0.15 -0.05)
(0.3 0.15 -0.05)
(0.35 0.15 -0.05)
(0.4 0.15 -0.05)
(0.45 0.15 -0.05)
(0.5 0.15 -0.05)
(-0.5 0.175 -0.05)
(-0.45 0.175 -0.05)
(-0.4 0.175 -0.05)
(-0.35 0.175 -0.05)
(-0.3 0.175 -0.05)
(-0.25 0.175 -0.05)
(-0.2 0.175 -0.05)
(-0.15 0.175 -0.05)
(-0.1 0.175 -0.05)
(-0.05 0.175 -0.05)
(0 0.175 -0.05)
(0.05 0.175 -0.05)
(0.1 0.175 -0.05)
(0.15 0.175 -0.05)
(0.2 0.175 -0.05)
(0.25 0.175 -0.05)
(0.3 0.175 -0.05)
(0.35 0.175 -0.05)
(0.4 0.175 -0.05)
(0.45 0.175 -0.05)
(0.5 0.175 -0.05)
(-0.5 0.2 -0.05)
(-0.45 0.2 -0.05)
(-0.4 0.2 -0.05)
(-0.35 0.2 -0.05)
(-0.3 0.2 -0.05)
(-0.25 0.2 -0.05)
(-0.2 0.2 -0.05)
(-0.15 0.2 -0.05)
(-0.1 0.2 -0.05)
(-0.05 0.2 -0.05)
(0 0.2 -0.05)
(0.05 0.2 -0.05)
(0.1 0.2 -0.05)
(0.15 0.2 -0.05)
(0.2 0.2 -0.05)
(0.25 0.2 -0.05)
(0.3 0.2 -0.05)
(0.35 0.2 -0.05)
(0.4 0.2 -0.05)
(0.45 0.2 -0.05)
(0.5 0.2 -0.05)
(-0.5 0.225 -0.05)
(-0.45 0.225 -0.05)
(-0.4 0.225 -0.05)
(-0.35 0.225 -0.05)
(-0.3 0.225 -0.05)
(-0.25 0.225 -0.05)
(-0.2 0.225 -0.05)
(-0.15 0.225 -0.05)
(-0.1 0.225 -0.05)
(-0.05 0.225 -0.05)
(0 0.225 -0.05)
(0.05 0.225 -0.05)
(0.1 0.225 -0.05)
(0.15 0.225 -0.05)
(0.2 0.225 -0.05)
(0.25 0.225 -0.05)
(0.3 0.225 -0.05)
(0.35 0.225 -0.05)
(0.4 0.225 -0.05)
(0.45 0.225 -0.05)
(0.5 0.225 -0.05)
(-0.5 0.25 -0.05)
(-0.45 0.25 -0.05)
(-0.4 0.25 -0.05)
(-0.35 0.25 -0.05)
(-0.3 0.25 -0.05)
(-0.25 0.25 -0.05)
(-0.2 0.25 -0.05)
(-0.15 0.25 -0.05)
(-0.1 0.25 -0.05)
(-0.05 0.25 -0.05)
(0 0.25 -0.05)
(0.05 0.25 -0.05)
(0.1 0.25 -0.05)
(0.15 0.25 -0.05)
(0.2 0.25 -0.05)
(0.25 0.25 -0.05)
(0.3 0.25 -0.05)
(0.35 0.25 -0.05)
(0.4 0.25 -0.05)
(0.45 0.25 -0.05)
(0.5 0.25 -0.05)
(-0.5 0.275 -0.05)
(-0.45 0.275 -0.05)
(-0.4 0.275 -0.05)
(-0.35 0.275 -0.05)
(-0.3 0.275 -0.05)
(-0.25 0.275 -0.05)
(-0.2 0.275 -0.05)
(-0.15 0.275 -0.05)
(-0.1 0.275 -0.05)
(-0.05 0.275 -0.05)
(0 0.275 -0.05)
(0.05 0.275 -0.05)
(0.1 0.275 -0.05)
(0.15 0.275 -0.05)
(0.2 0.275 -0.05)
(0.25 0.275 -0.05)
(0.3 0.275 -0.05)
(0.35 0.275 -0.05)
(0.4 0.275 -0.05)
(0.45 0.275 -0.05)
(0.5 0.275 -0.05)
(-0.5 0.3 -0.05)
(-0.45 0.3 -0.05)
(-0.4 0.3 -0.05)
(-0.35 0.3 -0.05)
(-0.3 0.3 -0.05)
(-0.25 0.3 -0.05)
(-0.2 0.3 -0.05)
(-0.15 0.3 -0.05)
(-0.1 0.3 -0.05)
(-0.05 0.3 -0.05)
(0 0.3 -0.05)
(0.05 0.3 -0.05)
(0.1 0.3 -0.05)
(0.15 0.3 -0.05)
(0.2 0.3 -0.05)
(0.25 0.3 -0.05)
(0.3 0.3 -0.05)
(0.35 0.3 -0.05)
(0.4 0.3 -0.05)
(0.45 0.3 -0.05)
(0.5 0.3 -0.05)
(-0.5 0.325 -0.05)
(-0.45 0.325 -0.05)
(-0.4 0.325 -0.05)
(-0.35 0.325 -0.05)
(-0.3 0.325 -0.05)
(-0.25 0.325 -0.05)
(-0.2 0.325 -0.05)
(-0.15 0.325 -0.05)
(-0.1 0.325 -0.05)
(-0.05 0.325 -0.05)
(0 0.325 -0.05)
(0.05 0.325 -0.05)
(0.1 0.325 -0.05)
(0.15 0.325 -0.05)
(0.2 0.325 -0.05)
(0.25 0.325 -0.05)
(0.3 0.325 -0.05)
(0.35 0.325 -0.05)
(0.4 0.325 -0.05)
(0.45 0.325 -0.05)
(0.5 0.325 -0.05)
(-0.5 0.35 -0.05)
(-0.45 0.35 -0.05)
(-0.4 0.35 -0.05)
(-0.35 0.35 -0.05)
(-0.3 0.35 -0.05)
(-0.25 0.35 -0.05)
(-0.2 0.35 -0.05)
(-0.15 0.35 -0.05)
(-0.1 0.35 -0.05)
(-0.05 0.35 -0.05)
(0 0.35 -0.05)
(0.05 0.35 -0.05)
(0.1 0.35 -0.05)
(0.15 0.35 -0.05)
(0.2 0.35 -0.05)
(0.25 0.35 -0.05)
(0.3 0.35 -0.05)
(0.35 0.35 -0.05)
(0.4 0.35 -0.05)
(0.45 0.35 -0.05)
(0.5 0.35 -0.05)
(-0.5 0.375 -0.05)
(-0.45 0.375 -0.05)
(-0.4 0.375 -0.05)
(-0.35 0.375 -0.05)
(-0.3 0.375 -0.05)
(-0.25 0.375 -0.05)
(-0.2 0.375 -0.05)
(-0.15 0.375 -0.05)
(-0.1 0.375 -0.05)
(-0.05 0.375 -0.05)
(0 0.375 -0.05)
(0.05 0.375 -0.05)
(0.1 0.375 -0.05)
(0.15 0.375 -0.05)
(0.2 0.375 -0.05)
(0.25 0.375 -0.05)
(0.3 0.375 -0.05)
(0.35 0.375 -0.05)
(0.4 0.375 -0.05)
(0.45 0.375 -0.05)
(0.5 0.375 -0.05)
(-0.5 0.4 -0.05)
(-0.45 0.4 -0.05)
(-0.4 0.4 -0.05)
(-0.35 0.4 -0.05)
(-0.3 0.4 -0.05)
(-0.25 0.4 -0.05)
(-0.2 0.4 -0.05)
(-0.15 0.4 -0.05)
(-0.1 0.4 -0.05)
(-0.05 0.4 -0.05)
(0 0.4 -0.05)
(0.05 0.4 -0.05)
(0.1 0.4 -0.05)
(0.15 0.4 -0.05)
(0.2 0.4 -0.05)
(0.25 0.4 -0.05)
(0.3 0.4 -0.05)
(0.35 0.4 -0.05)
(0.4 0.4 -0.05)
(0.45 0.4 -0.05)
(0.5 0.4 -0.05)
(-0.5 0.425 -0.05)
(-0.45 0.425 -0.05)
(-0.4 0.425 -0.05)
(-0.35 0.425 -0.05)
(-0.3 0.425 -0.05)
(-0.25 0.425 -0.05)
(-0.2 0.425 -0.05)
(-0.15 0.425 -0.05)
(-0.1 0.425 -0.05)
(-0.05 0.425 -0.05)
(0 0.425 -0.05)
(0.05 0.425 -0.05)
(0.1 0.425 -0.05)
(0.15 0.425 -0.05)
(0.2 0.425 -0.05)
(0.25 0.425 -0.05)
(0.3 0.425 -0.05)
(0.35 0.425 -0.05)
(0.4 0.425 -0.05)
(0.45 0.425 -0.05)
(0.5 0.425 -0.05)
(-0.5 0.45 -0.05)
(-0.45 0.45 -0.05)
(-0.4 0.45 -0.05)
(-0.35 0.45 -0.05)
(-0.3 0.45 -0.05)
(-0.25 0.45 -0.05)
(-0.2 0.45 -0.05)
(-0.15 0.45 -0.05)
(-0.1 0.45 -0.05)
(-0.05 0.45 -0.05)
(0 0.45 -0.05)
(0.05 0.45 -0.05)
(0.1 0.45 -0.05)
(0.15 0.45 -0.05)
(0.2 0.45 -0.05)
(0.25 0.45 -0.05)
(0.3 0.45 -0.05)
(0.35 0.45 -0.05)
(0.4 0.45 -0.05)
(0.45 0.45 -0.05)
(0.5 0.45 -0.05)
(-0.5 0.475 -0.05)
(-0.45 0.475 -0.05)
(-0.4 0.475 -0.05)
(-0.35 0.475 -0.05)
(-0.3 0.475 -0.05)
(-0.25 0.475 -0.05)
(-0.2 0.475 -0.05)
(-0.15 0.475 -0.05)
(-0.1 0.475 -0.05)
(-0.05 0.475 -0.05)
(0 0.475 -0.05)
(0.05 0.475 -0.05)
(0.1 0.475 -0.05)
(0.15 0.475 -0.05)
(0.2 0.475 -0.05)
(0.25 0.475 -0.05)
(0.3 0.475 -0.05)
(0.35 0.475 -0.05)
(0.4 0.475 -0.05)
(0.45 0.475 -0.05)
(0.5 0.475 -0.05)
(-0.5 0.5 -0.05)
(-0.45 0.5 -0.05)
(-0.4 0.5 -0.05)
(-0.35 0.5 -0.05)
(-0.3 0.5 -0.05)
(-0.25 0.5 -0.05)
(-0.2 0.5 -0.05)
(-0.15 0.5 -0.05)
(-0.1 0.5 -0.05)
(-0.05 0.5 -0.05)
(0 0.5 -0.05)
(0.05 0.5 -0.05)
(0.1 0.5 -0.05)
(0.15 0.5 -0.05)
(0.2 0.5 -0.05)
(0.25 0.5 -0.05)
(0.3 0.5 -0.05)
(0.35 0.5 -0.05)
(0.4 0.5 -0.05)
(0.45 0.5 -0.05)
(0.5 0.5 -0.05)
(-0.5 -0.5 0)
(-0.45 -0.5 0)
(-0.4 -0.5 0)
(-0.35 -0.5 0)
(-0.3 -0.5 0)
(-0.25 -0.5 0)
(-0.2 -0.5 0)
(-0.15 -0.5 0)
(-0.1 -0.5 0)
(-0.05 -0.5 0)
(0 -0.5 0)
(0.05 -0.5 0)
(0.1 -0.5 0)
(0.15 -0.5 0)
(0.2 -0.5 0)
(0.25 -0.5 0)
(0.3 -0.5 0)
(0.35 -0.5 0)
(0.4 -0.5 0)
(0.45 -0.5 0)
(0.5 -0.5 0)
(-0.5 -0.475 0)
(-0.45 -0.475 0)
(-0.4 -0.475 0)
(-0.35 -0.475 0)
(-0.3 -0.475 0)
(-0.25 -0.475 0)
(-0.2 -0.475 0)
(-0.15 -0.475 0)
(-0.1 -0.475 0)
(-0.05 -0.475 0)
(0 -0.475 0)
(0.05 -0.475 0)
(0.1 -0.475 0)
(0.15 -0.475 0)
(0.2 -0.475 0)
(0.25 -0.475 0)
(0.3 -0.475 0)
(0.35 -0.475 0)
(0.4 -0.475 0)
(0.45 -0.475 0)
(0.5 -0.475 0)
(-0.5 -0.45 0)
(-0.45 -0.45 0)
(-0.4 -0.45 0)
(-0.35 -0.45 0)
(-0.3 -0.45 0)
(-0.25 -0.45 0)
(-0.2 -0.45 0)
(-0.15 -0.45 0)
(-0.1 -0.45 0)
(-0.05 -0.45 0)
(0 -0.45 0)
(0.05 -0.45 0)
(0.1 -0.45 0)
(0.15 -0.45 0)
(0.2 -0.45 0)
(0.25 -0.45 0)
(0.3 -0.45 0)
(0.35 -0.45 0)
(0.4 -0.45 0)
(0.45 -0.45 0)
(0.5 -0.45 0)
(-0.5 -0.425 0)
(-0.45 -0.425 0)
(-0.4 -0.425 0)
(-0.35 -0.425 0)
(-0.3 -0.425 0)
(-0.25 -0.425 0)
(-0.2 -0.425 0)
(-0.15 -0.425 0)
(-0.1 -0.425 0)
(-0.05 -0.425 0)
(0 -0.425 0)
(0.05 -0.425 0)
(0.1 -0.425 0)
(0.15 -0.425 0)
(0.2 -0.425 0)
(0.25 -0.425 0)
(0.3 -0.425 0)
(0.35 -0.425 0)
(0.4 -0.425 0)
(0.45 -0.425 0)
(0.5 -0.425 0)
(-0.5 -0.4 0)
(-0.45 -0.4 0)
(-0.4 -0.4 0)
(-0.35 -0.4 0)
(-0.3 -0.4 0)
(-0.25 -0.4 0)
(-0.2 -0.4 0)
(-0.15 -0.4 0)
(-0.1 -0.4 0)
(-0.05 -0.4 0)
(0 -0.4 0)
(0.05 -0.4 0)
(0.1 -0.4 0)
(0.15 -0.4 0)
(0.2 -0.4 0)
(0.25 -0.4 0)
(0.3 -0.4 0)
(0.35 -0.4 0)
(0.4 -0.4 0)
(0.45 -0.4 0)
(0.5 -0.4 0)
(-0.5 -0.375 0)
(-0.45 -0.375 0)
(-0.4 -0.375 0)
(-0.35 -0.375 0)
(-0.3 -0.375 0)
(-0.25 -0.375 0)
(-0.2 -0.375 0)
(-0.15 -0.375 0)
(-0.1 -0.375 0)
(-0.05 -0.375 0)
(0 -0.375 0)
(0.05 -0.375 0)
(0.1 -0.375 0)
(0.15 -0.375 0)
(0.2 -0.375 0)
(0.25 -0.375 0)
(0.3 -0.375 0)
(0.35 -0.375 0)
(0.4 -0.375 0)
(0.45 -0.375 0)
(0.5 -0.375 0)
(-0.5 -0.35 0)
(-0.45 -0.35 0)
(-0.4 -0.35 0)
(-0.35 -0.35 0)
(-0.3 -0.35 0)
(-0.25 -0.35 0)
(-0.2 -0.35 0)
(-0.15 -0.35 0)
(-0.1 -0.35 0)
(-0.05 -0.35 0)
(0 -0.35 0)
(0.05 -0.35 0)
(0.1 -0.35 0)
(0.15 -0.35 0)
(0.2 -0.35 0)
(0.25 -0.35 0)
(0.3 -0.35 0)
(0.35 -0.35 0)
(0.4 -0.35 0)
(0.45 -0.35 0)
(0.5 -0.35 0)
(-0.5 -0.325 0)
(-0.45 -0.325 0)
(-0.4 -0.325 0)
(-0.35 -0.325 0)
(-0.3 -0.325 0)
(-0.25 -0.325 0)
(-0.2 -0.325 0)
(-0.15 -0.325 0)
(-0.1 -0.325 0)
(-0.05 -0.325 0)
(0 -0.325 0)
(0.05 -0.325 0)
(0.1 -0.325 0)
(0.15 -0.325 0)
(0.2 -0.325 0)
(0.25 -0.325 0)
(0.3 -0.325 0)
(0.35 -0.325 0)
(0.4 -0.325 0)
(0.45 -0.325 0)
(0.5 -0.325 0)
(-0.5 -0.3 0)
(-0.45 -0.3 0)
(-0.4 -0.3 0)
(-0.35 -0.3 0)
(-0.3 -0.3 0)
(-0.25 -0.3 0)
(-0.2 -0.3 0)
(-0.15 -0.3 0)
(-0.1 -0.3 0)
(-0.05 -0.3 0)
(0 -0.3 0)
(0.05 -0.3 0)
(0.1 -0.3 0)
(0.15 -0.3 0)
(0.2 -0.3 0)
(0.25 -0.3 0)
(0.3 -0.3 0)
(0.35 -0.3 0)
(0.4 -0.3 0)
(0.45 -0.3 0)
(0.5 -0.3 0)
(-0.5 -0.275 0)
(-0.45 -0.275 0)
(-0.4 -0.275 0)
(-0.35 -0.275 0)
(-0.3 -0.275 0)
(-0.25 -0.275 0)
(-0.2 -0.275 0)
(-0.15 -0.275 0)
(-0.1 -0.275 0)
(-0.05 -0.275 0)
(0 -0.275 0)
(0.05 -0.275 0)
(0.1 -0.275 0)
(0.15 -0.275 0)
(0.2 -0.275 0)
(0.25 -0.275 0)
(0.3 -0.275 0)
(0.35 -0.275 0)
(0.4 -0.275 0)
(0.45 -0.275 0)
(0.5 -0.275 0)
(-0.5 -0.25 0)
(-0.45 -0.25 0)
(-0.4 -0.25 0)
(-0.35 -0.25 0)
(-0.3 -0.25 0)
(-0.25 -0.25 0)
(-0.2 -0.25 0)
(-0.15 -0.25 0)
(-0.1 -0.25 0)
(-0.05 -0.25 0)
(0 -0.25 0)
(0.05 -0.25 0)
(0.1 -0.25 0)
(0.15 -0.25 0)
(0.2 -0.25 0)
(0.25 -0.25 0)
(0.3 -0.25 0)
(0.35 -0.25 0)
(0.4 -0.25 0)
(0.45 -0.25 0)
(0.5 -0.25 0)
(-0.5 -0.225 0)
(-0.45 -0.225 0)
(-0.4 -0.225 0)
(-0.35 -0.225 0)
(-0.3 -0.225 0)
(-0.25 -0.225 0)
(-0.2 -0.225 0)
(-0.15 -0.225 0)
(-0.1 -0.225 0)
(-0.05 -0.225 0)
(0 -0.225 0)
(0.05 -0.225 0)
(0.1 -0.225 0)
(0.15 -0.225 0)
(0.2 -0.225 0)
(0.25 -0.225 0)
(0.3 -0.225 0)
(0.35 -0.225 0)
(0.4 -0.225 0)
(0.45 -0.225 0)
(0.5 -0.225 0)
(-0.5 -0.2 0)
(-0.45 -0.2 0)
(-0.4 -0.2 0)
(-0.35 -0.2 0)
(-0.3 -0.2 0)
(-0.25 -0.2 0)
(-0.2 -0.2 0)
(-0.15 -0.2 0)
(-0.1 -0.2 0)
(-0.05 -0.2 0)
(0 -0.2 0)
(0.05 -0.2 0)
(0.1 -0.2 0)
(0.15 -0.2 0)
(0.2 -0.2 0)
(0.25 -0.2 0)
(0.3 -0.2 0)
(0.35 -0.2 0)
(0.4 -0.2 0)
(0.45 -0.2 0)
(0.5 -0.2 0)
(-0.5 -0.175 0)
(-0.45 -0.175 0)
(-0.4 -0.175 0)
(-0.35 -0.175 0)
(-0.3 -0.175 0)
(-0.25 -0.175 0)
(-0.2 -0.175 0)
(-0.15 -0.175 0)
(-0.1 -0.175 0)
(-0.05 -0.175 0)
(0 -0.175 0)
(0.05 -0.175 0)
(0.1 -0.175 0)
(0.15 -0.175 0)
(0.2 -0.175 0)
(0.25 -0.175 0)
(0.3 -0.175 0)
(0.35 -0.175 0)
(0.4 -0.175 0)
(0.45 -0.175 0)
(0.5 -0.175 0)
(-0.5 -0.15 0)
(-0.45 -0.15 0)
(-0.4 -0.15 0)
(-0.35 -0.15 0)
(-0.3 -0.15 0)
(-0.25 -0.15 0)
(-0.2 -0.15 0)
(-0.15 -0.15 0)
(-0.1 -0.15 0)
(-0.05 -0.15 0)
(0 -0.15 0)
(0.05 -0.15 0)
(0.1 -0.15 0)
(0.15 -0.15 0)
(0.2 -0.15 0)
(0.25 -0.15 0)
(0.3 -0.15 0)
(0.35 -0.15 0)
(0.4 -0.15 0)
(0.45 -0.15 0)
(0.5 -0.15 0)
(-0.5 -0.125 0)
(-0.45 -0.125 0)
(-0.4 -0.125 0)
(-0.35 -0.125 0)
(-0.3 -0.125 0)
(-0.25 -0.125 0)
(-0.2 -0.125 0)
(-0.15 -0.125 0)
(-0.1 -0.125 0)
(-0.05 -0.125 0)
(0 -0.125 0)
(0.05 -0.125 0)
(0.1 -0.125 0)
(0.15 -0.125 0)
(0.2 -0.125 0)
(0.25 -0.125 0)
(0.3 -0.125 0)
(0.35 -0.125 0)
(0.4 -0.125 0)
(0.45 -0.125 0)
(0.5 -0.125 0)
(-0.5 -0.1 0)
(-0.45 -0.1 0)
(-0.4 -0.1 0)
(-0.35 -0.1 0)
(-0.3 -0.1 0)
(-0.25 -0.1 0)
(-0.2 -0.1 0)
(-0.15 -0.1 0)
(-0.1 -0.1 0)
(-0.05 -0.1 0)
(0 -0.1 0)
(0.05 -0.1 0)
(0.1 -0.1 0)
(0.15 -0.1 0)
(0.2 -0.1 0)
(0.25 -0.1 0)
(0.3 -0.1 0)
(0.35 -0.1 0)
(0.4 -0.1 0)
(0.45 -0.1 0)
(0.5 -0.1 0)
(-0.5 -0.075 0)
(-0.45 -0.075 0)
(-0.4 -0.075 0)
(-0.35 -0.075 0)
(-0.3 -0.075 0)
(-0.25 -0.075 0)
(-0.2 -0.075 0)
(-0.15 -0.075 0)
(-0.1 -0.075 0)
(-0.05 -0.075 0)
(0 -0.075 0)
(0.05 -0.075 0)
(0.1 -0.075 0)
(0.15 -0.075 0)
(0.2 -0.075 0)
(0.25 -0.075 0)
(0.3 -0.075 0)
(0.35 -0.075 0)
(0.4 -0.075 0)
(0.45 -0.075 0)
(0.5 -0.075 0)
(-0.5 -0.05 0)
(-0.45 -0.05 0)
(-0.4 -0.05 0)
(-0.35 -0.05 0)
(-0.3 -0.05 0)
(-0.25 -0.05 0)
(-0.2 -0.05 0)
(-0.15 -0.05 0)
(-0.1 -0.05 0)
(-0.05 -0.05 0)
(0 -0.05 0)
(0.05 -0.05 0)
(0.1 -0.05 0)
(0.15 -0.05 0)
(0.2 -0.05 0)
(0.25 -0.05 0)
(0.3 -0.05 0)
(0.35 -0.05 0)
(0.4 -0.05 0)
(0.45 -0.05 0)
(0.5 -0.05 0)
(-0.5 -0.025 0)
(-0.45 -0.025 0)
(-0.4 -0.025 0)
(-0.35 -0.025 0)
(-0.3 -0.025 0)
(-0.25 -0.025 0)
(-0.2 -0.025 0)
(-0.15 -0.025 0)
(-0.1 -0.025 0)
(-0.05 -0.025 0)
(0 -0.025 0)
(0.05 -0.025 0)
(0.1 -0.025 0)
(0.15 -0.025 0)
(0.2 -0.025 0)
(0.25 -0.025 0)
(0.3 -0.025 0)
(0.35 -0.025 0)
(0.4 -0.025 0)
(0.45 -0.025 0)
(0.5 -0.025 0)
(-0.5 0 0)
(-0.45 0 0)
(-0.4 0 0)
(-0.35 0 0)
(-0.3 0 0)
(-0.25 0 0)
(-0.2 0 0)
(-0.15 0 0)
(-0.1 0 0)
(-0.05 0 0)
(0 0 0)
(0.05 0 0)
(0.1 0 0)
(0.15 0 0)
(0.2 0 0)
(0.25 0 0)
(0.3 0 0)
(0.35 0 0)
(0.4 0 0)
(0.45 0 0)
(0.5 0 0)
(-0.5 0.025 0)
(-0.45 0.025 0)
(-0.4 0.025 0)
(-0.35 0.025 0)
(-0.3 0.025 0)
(-0.25 0.025 0)
(-0.2 0.025 0)
(-0.15 0.025 0)
(-0.1 0.025 0)
(-0.05 0.025 0)
(0 0.025 0)
(0.05 0.025 0)
(0.1 0.025 0)
(0.15 0.025 0)
(0.2 0.025 0)
(0.25 0.025 0)
(0.3 0.025 0)
(0.35 0.025 0)
(0.4 0.025 0)
(0.45 0.025 0)
(0.5 0.025 0)
(-0.5 0.05 0)
(-0.45 0.05 0)
(-0.4 0.05 0)
(-0.35 0.05 0)
(-0.3 0.05 0)
(-0.25 0.05 0)
(-0.2 0.05 0)
(-0.15 0.05 0)
(-0.1 0.05 0)
(-0.05 0.05 0)
(0 0.05 0)
(0.05 0.05 0)
(0.1 0.05 0)
(0.15 0.05 0)
(0.2 0.05 0)
(0.25 0.05 0)
(0.3 0.05 0)
(0.35 0.05 0)
(0.4 0.05 0)
(0.45 0.05 0)
(0.5 0.05 0)
(-0.5 0.075 0)
(-0.45 0.075 0)
(-0.4 0.075 0)
(-0.35 0.075 0)
(-0.3 0.075 0)
(-0.25 0.075 0)
(-0.2 0.075 0)
(-0.15 0.075 0)
(-0.1 0.075 0)
(-0.05 0.075 0)
(0 0.075 0)
(0.05 0.075 0)
(0.1 0.075 0)
(0.15 0.075 0)
(0.2 0.075 0)
(0.25 0.075 0)
(0.3 0.075 0)
(0.35 0.075 0)
(0.4 0.075 0)
(0.45 0.075 0)
(0.5 0.075 0)
(-0.5 0.1 0)
(-0.45 0.1 0)
(-0.4 0.1 0)
(-0.35 0.1 0)
(-0.3 0.1 0)
(-0.25 0.1 0)
(-0.2 0.1 0)
(-0.15 0.1 0)
(-0.1 0.1 0)
(-0.05 0.1 0)
(0 0.1 0)
(0.05 0.1 0)
(0.1 0.1 0)
(0.15 0.1 0)
(0.2 0.1 0)
(0.25 0.1 0)
(0.3 0.1 0)
(0.35 0.1 0)
(0.4 0.1 0)
(0.45 0.1 0)
(0.5 0.1 0)
(-0.5 0.125 0)
(-0.45 0.125 0)
(-0.4 0.125 0)
(-0.35 0.125 0)
(-0.3 0.125 0)
(-0.25 0.125 0)
(-0.2 0.125 0)
(-0.15 0.125 0)
(-0.1 0.125 0)
(-0.05 0.125 0)
(0 0.125 0)
(0.05 0.125 0)
(0.1 0.125 0)
(0.15 0.125 0)
(0.2 0.125 0)
(0.25 0.125 0)
(0.3 0.125 0)
(0.35 0.125 0)
(0.4 0.125 0)
(0.45 0.125 0)
(0.5 0.125 0)
(-0.5 0.15 0)
(-0.45 0.15 0)
(-0.4 0.15 0)
(-0.35 0.15 0)
(-0.3 0.15 0)
(-0.25 0.15 0)
(-0.2 0.15 0)
(-0.15 0.15 0)
(-0.1 0.15 0)
(-0.05 0.15 0)
(0 0.15 0)
(0.05 0.15 0)
(0.1 0.15 0)
(0.15 0.15 0)
(0.2 0.15 0)
(0.25 0.15 0)
(0.3 0.15 0)
(0.35 0.15 0)
(0.4 0.15 0)
(0.45 0.15 0)
(0.5 0.15 0)
(-0.5 0.175 0)
(-0.45 0.175 0)
(-0.4 0.175 0)
(-0.35 0.175 0)
(-0.3 0.175 0)
(-0.25 0.175 0)
(-0.2 0.175 0)
(-0.15 0.175 0)
(-0.1 0.175 0)
(-0.05 0.175 0)
(0 0.175 0)
(0.05 0.175 0)
(0.1 0.175 0)
(0.15 0.175 0)
(0.2 0.175 0)
(0.25 0.175 0)
(0.3 0.175 0)
(0.35 0.175 0)
(0.4 0.175 0)
(0.45 0.175 0)
(0.5 0.175 0)
(-0.5 0.2 0)
(-0.45 0.2 0)
(-0.4 0.2 0)
(-0.35 0.2 0)
(-0.3 0.2 0)
(-0.25 0.2 0)
(-0.2 0.2 0)
(-0.15 0.2 0)
(-0.1 0.2 0)
(-0.05 0.2 0)
(0 0.2 0)
(0.05 0.2 0)
(0.1 0.2 0)
(0.15 0.2 0)
(0.2 0.2 0)
(0.25 0.2 0)
(0.3 0.2 0)
(0.35 0.2 0)
(0.4 0.2 0)
(0.45 0.2 0)
(0.5 0.2 0)
(-0.5 0.225 0)
(-0.45 0.225 0)
(-0.4 0.225 0)
(-0.35 0.225 0)
(-0.3 0.225 0)
(-0.25 0.225 0)
(-0.2 0.225 0)
(-0.15 0.225 0)
(-0.1 0.225 0)
(-0.05 0.225 0)
(0 0.225 0)
(0.05 0.225 0)
(0.1 0.225 0)
(0.15 0.225 0)
(0.2 0.225 0)
(0.25 0.225 0)
(0.3 0.225 0)
(0.35 0.225 0)
(0.4 0.225 0)
(0.45 0.225 0)
(0.5 0.225 0)
(-0.5 0.25 0)
(-0.45 0.25 0)
(-0.4 0.25 0)
(-0.35 0.25 0)
(-0.3 0.25 0)
(-0.25 0.25 0)
(-0.2 0.25 0)
(-0.15 0.25 0)
(-0.1 0.25 0)
(-0.05 0.25 0)
(0 0.25 0)
(0.05 0.25 0)
(0.1 0.25 0)
(0.15 0.25 0)
(0.2 0.25 0)
(0.25 0.25 0)
(0.3 0.25 0)
(0.35 0.25 0)
(0.4 0.25 0)
(0.45 0.25 0)
(0.5 0.25 0)
(-0.5 0.275 0)
(-0.45 0.275 0)
(-0.4 0.275 0)
(-0.35 0.275 0)
(-0.3 0.275 0)
(-0.25 0.275 0)
(-0.2 0.275 0)
(-0.15 0.275 0)
(-0.1 0.275 0)
(-0.05 0.275 0)
(0 0.275 0)
(0.05 0.275 0)
(0.1 0.275 0)
(0.15 0.275 0)
(0.2 0.275 0)
(0.25 0.275 0)
(0.3 0.275 0)
(0.35 0.275 0)
(0.4 0.275 0)
(0.45 0.275 0)
(0.5 0.275 0)
(-0.5 0.3 0)
(-0.45 0.3 0)
(-0.4 0.3 0)
(-0.35 0.3 0)
(-0.3 0.3 0)
(-0.25 0.3 0)
(-0.2 0.3 0)
(-0.15 0.3 0)
(-0.1 0.3 0)
(-0.05 0.3 0)
(0 0.3 0)
(0.05 0.3 0)
(0.1 0.3 0)
(0.15 0.3 0)
(0.2 0.3 0)
(0.25 0.3 0)
(0.3 0.3 0)
(0.35 0.3 0)
(0.4 0.3 0)
(0.45 0.3 0)
(0.5 0.3 0)
(-0.5 0.325 0)
(-0.45 0.325 0)
(-0.4 0.325 0)
(-0.35 0.325 0)
(-0.3 0.325 0)
(-0.25 0.325 0)
(-0.2 0.325 0)
(-0.15 0.325 0)
(-0.1 0.325 0)
(-0.05 0.325 0)
(0 0.325 0)
(0.05 0.325 0)
(0.1 0.325 0)
(0.15 0.325 0)
(0.2 0.325 0)
(0.25 0.325 0)
(0.3 0.325 0)
(0.35 0.325 0)
(0.4 0.325 0)
(0.45 0.325 0)
(0.5 0.325 0)
(-0.5 0.35 0)
(-0.45 0.35 0)
(-0.4 0.35 0)
(-0.35 0.35 0)
(-0.3 0.35 0)
(-0.25 0.35 0)
(-0.2 0.35 0)
(-0.15 0.35 0)
(-0.1 0.35 0)
(-0.05 0.35 0)
(0 0.35 0)
(0.05 0.35 0)
(0.1 0.35 0)
(0.15 0.35 0)
(0.2 0.35 0)
(0.25 0.35 0)
(0.3 0.35 0)
(0.35 0.35 0)
(0.4 0.35 0)
(0.45 0.35 0)
(0.5 0.35 0)
(-0.5 0.375 0)
(-0.45 0.375 0)
(-0.4 0.375 0)
(-0.35 0.375 0)
(-0.3 0.375 0)
(-0.25 0.375 0)
(-0.2 0.375 0)
(-0.15 0.375 0)
(-0.1 0.375 0)
(-0.05 0.375 0)
(0 0.375 0)
(0.05 0.375 0)
(0.1 0.375 0)
(0.15 0.375 0)
(0.2 0.375 0)
(0.25 0.375 0)
(0.3 0.375 0)
(0.35 0.375 0)
(0.4 0.375 0)
(0.45 0.375 0)
(0.5 0.375 0)
(-0.5 0.4 0)
(-0.45 0.4 0)
(-0.4 0.4 0)
(-0.35 0.4 0)
(-0.3 0.4 0)
(-0.25 0.4 0)
(-0.2 0.4 0)
(-0.15 0.4 0)
(-0.1 0.4 0)
(-0.05 0.4 0)
(0 0.4 0)
(0.05 0.4 0)
(0.1 0.4 0)
(0.15 0.4 0)
(0.2 0.4 0)
(0.25 0.4 0)
(0.3 0.4 0)
(0.35 0.4 0)
(0.4 0.4 0)
(0.45 0.4 0)
(0.5 0.4 0)
(-0.5 0.425 0)
(-0.45 0.425 0)
(-0.4 0.425 0)
(-0.35 0.425 0)
(-0.3 0.425 0)
(-0.25 0.425 0)
(-0.2 0.425 0)
(-0.15 0.425 0)
(-0.1 0.425 0)
(-0.05 0.425 0)
(0 0.425 0)
(0.05 0.425 0)
(0.1 0.425 0)
(0.15 0.425 0)
(0.2 0.425 0)
(0.25 0.425 0)
(0.3 0.425 0)
(0.35 0.425 0)
(0.4 0.425 0)
(0.45 0.425 0)
(0.5 0.425 0)
(-0.5 0.45 0)
(-0.45 0.45 0)
(-0.4 0.45 0)
(-0.35 0.45 0)
(-0.3 0.45 0)
(-0.25 0.45 0)
(-0.2 0.45 0)
(-0.15 0.45 0)
(-0.1 0.45 0)
(-0.05 0.45 0)
(0 0.45 0)
(0.05 0.45 0)
(0.1 0.45 0)
(0.15 0.45 0)
(0.2 0.45 0)
(0.25 0.45 0)
(0.3 0.45 0)
(0.35 0.45 0)
(0.4 0.45 0)
(0.45 0.45 0)
(0.5 0.45 0)
(-0.5 0.475 0)
(-0.45 0.475 0)
(-0.4 0.475 0)
(-0.35 0.475 0)
(-0.3 0.475 0)
(-0.25 0.475 0)
(-0.2 0.475 0)
(-0.15 0.475 0)
(-0.1 0.475 0)
(-0.05 0.475 0)
(0 0.475 0)
(0.05 0.475 0)
(0.1 0.475 0)
(0.15 0.475 0)
(0.2 0.475 0)
(0.25 0.475 0)
(0.3 0.475 0)
(0.35 0.475 0)
(0.4 0.475 0)
(0.45 0.475 0)
(0.5 0.475 0)
(-0.5 0.5 0)
(-0.45 0.5 0)
(-0.4 0.5 0)
(-0.35 0.5 0)
(-0.3 0.5 0)
(-0.25 0.5 0)
(-0.2 0.5 0)
(-0.15 0.5 0)
(-0.1 0.5 0)
(-0.05 0.5 0)
(0 0.5 0)
(0.05 0.5 0)
(0.1 0.5 0)
(0.15 0.5 0)
(0.2 0.5 0)
(0.25 0.5 0)
(0.3 0.5 0)
(0.35 0.5 0)
(0.4 0.5 0)
(0.45 0.5 0)
(0.5 0.5 0)
)


// ************************************************************************* //
